 lambda 	 <C_abs>/v 	 <C_sca>/v
0.001 	 9.65750007707102e-06 	 0.033304451895725305
0.001012 	 9.983884585586462e-06 	 0.03321202734930483
0.001023 	 1.0328552056724507e-05 	 0.03323627451624955
0.001035 	 1.0671262344866385e-05 	 0.03331609394225228
0.001047 	 1.1021615363468108e-05 	 0.033375678190709836
0.001059 	 1.1390841850807714e-05 	 0.03341679991136917
0.001072 	 1.176732430534741e-05 	 0.03350209234046382
0.001084 	 1.2172171323228827e-05 	 0.033507107390817525
0.001096 	 1.2594066179077377e-05 	 0.03367560570268008
0.001109 	 1.301704237882272e-05 	 0.033700810722109925
0.001122 	 1.3451911167907442e-05 	 0.0337079749814291
0.001135 	 1.3912559043705701e-05 	 0.03369899358620369
0.001148 	 1.4394582064099432e-05 	 0.03383775133868387
0.001161 	 1.4893764460153206e-05 	 0.033955184794100236
0.001175 	 1.5396421978025198e-05 	 0.03393679106558048
0.001189 	 1.591112711964536e-05 	 0.03390188088460566
0.001202 	 1.644776547627732e-05 	 0.034113374130551044
0.001216 	 1.6982311964957726e-05 	 0.034043788965951706
0.00123 	 1.7524487272998247e-05 	 0.03410335457006715
0.001245 	 1.807905992281132e-05 	 0.034035663988744726
0.001259 	 1.8693223508636063e-05 	 0.034199051727232165
0.001274 	 1.9310579859031894e-05 	 0.0342333549687824
0.001288 	 1.9957379476533993e-05 	 0.034355825263074145
0.001303 	 2.0599378773179776e-05 	 0.03435337094072613
0.001318 	 2.1272944212633454e-05 	 0.03446035167942435
0.001334 	 2.1960522530730124e-05 	 0.034323188942058935
0.001349 	 2.269370667570625e-05 	 0.03451500281890367
0.001365 	 2.34322482836757e-05 	 0.03446710919002043
0.00138 	 2.4215287904446615e-05 	 0.03461917584686621
0.001396 	 2.5004283453525083e-05 	 0.03465224228906155
0.001413 	 2.5811720791935203e-05 	 0.03467978523358381
0.001429 	 2.6669682411777174e-05 	 0.034786914675278564
0.001445 	 2.7556379458251626e-05 	 0.03487560623369697
0.001462 	 2.844029598626129e-05 	 0.03485090622245278
0.001479 	 2.9375226602668567e-05 	 0.03491257620008289
0.001496 	 3.0316038365700166e-05 	 0.03495563787312252
0.001514 	 3.1295472634046535e-05 	 0.03489203577585561
0.001531 	 3.2325975578837976e-05 	 0.03499941916523871
0.001549 	 3.336471841582379e-05 	 0.03499860722166852
0.001567 	 3.4431401091084956e-05 	 0.03507133027245427
0.001585 	 3.555065667827305e-05 	 0.03512798321558375
0.001603 	 3.669540834417763e-05 	 0.03516824430404777
0.001622 	 3.7891497470171895e-05 	 0.0351918596497875
0.001641 	 3.908463095145118e-05 	 0.03519789783492872
0.00166 	 4.03482401156155e-05 	 0.03527061690649676
0.001679 	 4.1607421526952046e-05 	 0.035247638963818946
0.001698 	 4.295793354048684e-05 	 0.0353665228367508
0.001718 	 4.432365049440862e-05 	 0.03538592681761397
0.001738 	 4.5751331283723194e-05 	 0.03539262284537212
0.001758 	 4.7192724455166604e-05 	 0.035454733808231484
0.001778 	 4.8692989469101e-05 	 0.03550307684825442
0.001799 	 5.019967992762422e-05 	 0.03545832633300559
0.00182 	 5.178310506861639e-05 	 0.035470366402924274
0.001841 	 5.344064363354459e-05 	 0.035535534159033
0.001862 	 5.512619650616513e-05 	 0.03558536030884794
0.001884 	 5.68517282078035e-05 	 0.03554825593115602
0.001905 	 5.865340115025486e-05 	 0.03563504110513784
0.001928 	 6.041628396123e-05 	 0.0355589871039106
0.00195 	 6.22943462742509e-05 	 0.03554957835169724
0.001972 	 6.425403577070858e-05 	 0.035643326158530365
0.001995 	 6.625936382457223e-05 	 0.0356002925732135
0.002018 	 6.833968503109885e-05 	 0.03560350599631291
0.002042 	 7.043807909125115e-05 	 0.035578848025817185
0.002065 	 7.260147102782439e-05 	 0.03561236072971749
0.002089 	 7.477860415555048e-05 	 0.035567707389769596
0.002113 	 7.704077918327836e-05 	 0.03556591220514311
0.002138 	 7.938596366203208e-05 	 0.03554050140293468
0.002163 	 8.180831397310895e-05 	 0.035508881574572715
0.002188 	 8.432376174594242e-05 	 0.035517397453954706
0.002213 	 8.69107953374189e-05 	 0.03551912163178099
0.002239 	 8.952701652563755e-05 	 0.03545145382438477
0.002265 	 9.215493848103567e-05 	 0.03541698562364175
0.002291 	 9.486498492151249e-05 	 0.03537882076187031
0.002317 	 9.77069680087777e-05 	 0.03538055587320619
0.002344 	 0.00010061620970830244 	 0.035320278031197604
0.002371 	 0.00010364757756724519 	 0.03529868833236742
0.002399 	 0.00010673545354896646 	 0.03518142326783458
0.002427 	 0.0001099194492506915 	 0.03513725226557697
0.002455 	 0.00011316311826684975 	 0.035056162321742995
0.002483 	 0.000116464518880949 	 0.035007810673743416
0.002512 	 0.0001197417583825069 	 0.03496418011586245
0.002541 	 0.00012319979879744748 	 0.03489607355709145
0.00257 	 0.00012680098403881034 	 0.034834466218399536
0.0026 	 0.00013049036545162172 	 0.03475601638474364
0.00263 	 0.00013432712418221296 	 0.03465667567321628
0.002661 	 0.0001382086384380488 	 0.034539791135145596
0.002692 	 0.00014219682947750432 	 0.034403024028684406
0.002723 	 0.00014627319915242807 	 0.034274211815080155
0.002754 	 0.0001504642996653433 	 0.034181725336815516
0.002786 	 0.00015485628691287476 	 0.03401119712935079
0.002818 	 0.00015943677169661532 	 0.03388548426256857
0.002851 	 0.00016399935838940386 	 0.03369540854203938
0.002884 	 0.00016859835499630034 	 0.03349183479724386
0.002917 	 0.00017337178128632314 	 0.03333292629092737
0.002951 	 0.00017811571593652413 	 0.033116271565372814
0.002985 	 0.00018288770691861174 	 0.032910902177618405
0.00302 	 0.00018775906465961297 	 0.03268467374420828
0.003055 	 0.00019251889557474124 	 0.03243919407824445
0.00309 	 0.0001974337675315904 	 0.03221783210113691
0.003126 	 0.00020269333124857205 	 0.031983010254566874
0.003162 	 0.0002080898276471317 	 0.03171977523201288
0.003199 	 0.00021355212207057703 	 0.031461512669210656
0.003236 	 0.00021914039311986535 	 0.031196657633291297
0.003273 	 0.00022472648654559867 	 0.030948419091400777
0.003311 	 0.00023048589023473052 	 0.030654240794787537
0.00335 	 0.00023640753362210928 	 0.03031981014385489
0.003388 	 0.0002426237006211259 	 0.030021458701457213
0.003428 	 0.0002486752367778065 	 0.029648436584325342
0.003467 	 0.0002550117963638203 	 0.02932934295564262
0.003508 	 0.00026140536182485126 	 0.028938325802908855
0.003548 	 0.0002679551837402619 	 0.028570374784648907
0.003589 	 0.00027462134548163615 	 0.028151072622158668
0.003631 	 0.00028128263685368773 	 0.027690152556035245
0.003673 	 0.0002881231226093923 	 0.027286529912681247
0.003715 	 0.00029502667708552024 	 0.02684714060126165
0.003758 	 0.0003021263828120013 	 0.026334046287045113
0.003802 	 0.00030930328638707305 	 0.02577179125408491
0.003846 	 0.0003165256848672818 	 0.025181831285529883
0.00389 	 0.00032390084762206717 	 0.024923296680319205
0.003935 	 0.00033133899977991004 	 0.024874667359376507
0.003981 	 0.00033892470243980705 	 0.0243757593413773
0.004027 	 0.0003465312313337552 	 0.02353354109488171
0.004074 	 0.00035416996410129315 	 0.02244264203333441
0.004121 	 0.00036192175791821535 	 0.02125975451694275
0.004169 	 0.0003695775374157031 	 0.01947804563672511
0.004217 	 0.0003774210953546593 	 0.0179381734098657
0.004266 	 0.0003851692672547145 	 0.017186875405475824
0.004315 	 0.0003929103065379072 	 0.01758757187704556
0.004365 	 0.00040055033829114407 	 0.019450688711418092
0.004416 	 0.00040850346387896974 	 0.021664920317447312
0.004467 	 1.8427693089757507e-05 	 0.003323439572942505
0.004519 	 1.8947903328552645e-05 	 0.0009299873837473747
0.004571 	 1.9500470316402095e-05 	 7.631033852317948e-05
0.004624 	 2.0079923513568026e-05 	 0.0002347506439503088
0.004677 	 2.068070239012852e-05 	 0.000991793643896203
0.004732 	 2.129308178182042e-05 	 0.0020431902323040686
0.004786 	 2.1920793206707806e-05 	 0.0030444927948354416
0.004842 	 2.2532756007225074e-05 	 0.0037368977167195447
0.004898 	 2.3172056771113e-05 	 0.004349727413550494
0.004954 	 2.3837756495271596e-05 	 0.004863151140424261
0.005012 	 2.452727671131393e-05 	 0.005261273342326399
0.00507 	 2.523291250731132e-05 	 0.00554779680669215
0.005129 	 2.594902378761432e-05 	 0.00571325833798162
0.005188 	 2.668026901663012e-05 	 0.005884026016804545
0.005248 	 2.742131523977756e-05 	 0.006201584630286762
0.005309 	 2.819394966312885e-05 	 0.006498166274087717
0.00537 	 2.900209011131137e-05 	 0.006784726788474573
0.005433 	 2.982606792959793e-05 	 0.007044019497646975
0.005495 	 3.068859728803311e-05 	 0.007297891675490814
0.005559 	 3.155718062031814e-05 	 0.007523837461666096
0.005623 	 3.244945782269931e-05 	 0.007735835933222386
0.005689 	 3.337440272100799e-05 	 0.007945662817177117
0.005754 	 3.434781121537576e-05 	 0.008159911589123497
0.005821 	 3.5329397954481515e-05 	 0.00835828006081492
0.005888 	 3.633710659981259e-05 	 0.008545816552052284
0.005957 	 3.7357541403821346e-05 	 0.00871727752515005
0.006026 	 3.839524623899972e-05 	 0.008881205383846907
0.006095 	 3.944964293752381e-05 	 0.009037840217106166
0.006166 	 4.050043224621321e-05 	 0.009172530040901706
0.006237 	 4.1618781470090536e-05 	 0.009315163879867586
0.00631 	 4.279532329081459e-05 	 0.00945622734097682
0.006383 	 4.4002515559469475e-05 	 0.009595666811202231
0.006457 	 4.5226017863528585e-05 	 0.009724675206771387
0.006531 	 4.647185620351898e-05 	 0.009852130185940977
0.006607 	 4.7774131084857535e-05 	 0.009976909184415423
0.006683 	 4.912008518654674e-05 	 0.010099910054500916
0.006761 	 5.048131233887278e-05 	 0.010211612022839264
0.006839 	 5.187126381466236e-05 	 0.010321470740423295
0.006918 	 5.329893483053771e-05 	 0.010426081001124165
0.006998 	 5.4774100262248856e-05 	 0.010527886226811802
0.007079 	 5.628304413383338e-05 	 0.010624243082415231
0.007161 	 5.7824030774669767e-05 	 0.010717481160773491
0.007244 	 5.941222592587096e-05 	 0.010809846154615565
0.007328 	 6.101207912833075e-05 	 0.010898636522246763
0.007413 	 6.267745375561026e-05 	 0.01098399472498408
0.007499 	 6.440553354778765e-05 	 0.01107018572774177
0.007586 	 6.619343926042951e-05 	 0.0111461302119406
0.007674 	 6.803872765909983e-05 	 0.011237371348130593
0.007762 	 6.994749415420968e-05 	 0.011319673124554014
0.007852 	 7.184770225160456e-05 	 0.011401886132625797
0.007943 	 7.37985443377034e-05 	 0.011469636982312462
0.008035 	 7.579783835980328e-05 	 0.011542943005556465
0.008128 	 7.789310064210615e-05 	 0.011602384120782074
0.008222 	 8.003133193354216e-05 	 0.011685635840383072
0.008318 	 8.215076960218532e-05 	 0.011730204274769762
0.008414 	 8.436816054259703e-05 	 0.01180339089920471
0.008511 	 8.666956112138764e-05 	 0.011862757428215258
0.00861 	 8.904130863882771e-05 	 0.01192054712354411
0.00871 	 9.144317308118144e-05 	 0.011981646564640944
0.00881 	 9.393027404629087e-05 	 0.01205130209791388
0.008913 	 9.642131697982924e-05 	 0.012096266593397175
0.009016 	 9.903733423487939e-05 	 0.012149833768544836
0.00912 	 0.00010171833233098333 	 0.012205888424698023
0.009226 	 0.00010449418114226568 	 0.012258952970363548
0.009333 	 0.0001073277811586735 	 0.012313822120645095
0.009441 	 0.00011021600879430036 	 0.01235559814552146
0.00955 	 0.00011315684583265271 	 0.012413362666210908
0.009661 	 0.00011613498041502005 	 0.012452842525451884
0.009772 	 0.00011925559382201952 	 0.012499073109668041
0.009886 	 0.00012247682416617817 	 0.0125364099066674
0.01 	 0.0001257893882518012 	 0.012579703825620969
0.01012 	 0.0001291140994060779 	 0.012611427119511569
0.01023 	 0.00013265117669921636 	 0.01268529418065233
0.01035 	 0.0001361410019084948 	 0.012714583066197752
0.01047 	 0.0001396696316729106 	 0.012748704744575774
0.01059 	 0.0001433519380149154 	 0.01279969439703803
0.01072 	 0.00014708285556924163 	 0.012795856794926673
0.01084 	 0.00015105431980017494 	 0.012855779945470228
0.01096 	 0.0001551650825174007 	 0.012930506864994097
0.01109 	 0.00015922927959858212 	 0.012950565315364966
0.01122 	 0.00016342014978703442 	 0.012974700783041826
0.01135 	 0.0001677699989888701 	 0.013013142182154807
0.01148 	 0.00017230925727074935 	 0.013065184277854695
0.01161 	 0.00017699554663327006 	 0.013110067971178663
0.01175 	 0.00018160082170618082 	 0.01312241765472415
0.01189 	 0.00018634130868621493 	 0.013137924205301032
0.01202 	 0.00019130347341031888 	 0.013199854990530847
0.01216 	 0.00019616941677119004 	 0.01321993154601186
0.0123 	 0.0002011273319342443 	 0.013242468985400756
0.01245 	 0.00020607502084198082 	 0.013233703689748641
0.01259 	 0.00021156415366872965 	 0.013279734567608094
0.01274 	 0.0002170236124324905 	 0.013293842539873596
0.01288 	 0.00022275433276132251 	 0.013343025361149874
0.01303 	 0.00022837962229032755 	 0.013360122972826549
0.01318 	 0.0002342551680462347 	 0.013395063794067033
0.01334 	 0.00024016066635772077 	 0.013391248030840942
0.01349 	 0.0002464173452039868 	 0.013436590439125786
0.01365 	 0.00025271703794446155 	 0.01345084935083288
0.0138 	 0.0002593007560814446 	 0.013505048652160722
0.01396 	 0.0002659106519576119 	 0.013528144764449159
0.01413 	 0.0002725314100366614 	 0.013514045348021536
0.01429 	 0.00027959872157265833 	 0.013553184247462189
0.01445 	 0.00028694105470892877 	 0.013593276954900386
0.01462 	 0.00029406897215899494 	 0.013608006395615754
0.01479 	 0.00030159416367563123 	 0.013624598241466914
0.01496 	 0.0003092297345814931 	 0.01364744089878334
0.01514 	 0.00031703437713128687 	 0.013641593025129115
0.01531 	 0.0003251434329779863 	 0.013677609564399213
0.01549 	 0.00033313223192605267 	 0.013683328578563638
0.01567 	 0.00034147004662044527 	 0.013695980416341798
0.01585 	 0.0003501455257544194 	 0.013715168666009843
0.01603 	 0.00035914876296837196 	 0.013745754842054831
0.01622 	 0.0003682413491679033 	 0.013747988906035026
0.01641 	 0.0003773831468336483 	 0.013754715561328523
0.0166 	 0.0003868219106735574 	 0.01377194455377865
0.01679 	 0.0003963027569050143 	 0.013797602083616859
0.01698 	 0.0004063091561638034 	 0.013829300068996974
0.01718 	 0.0004163428262742989 	 0.01383763873233539
0.01738 	 0.0004268687852252841 	 0.013856317550563569
0.01758 	 0.0004374006161950805 	 0.013877654093705437
0.01778 	 0.0004481694713528983 	 0.01389857729334588
0.01799 	 0.0004591443322826872 	 0.013897857482800681
0.0182 	 0.0004703322902962073 	 0.013905189513237472
0.01841 	 0.0004819499445194221 	 0.013917431627330567
0.01862 	 0.0004939857765398498 	 0.013942062343426119
0.01884 	 0.0005059349526001745 	 0.013936100498604172
0.01905 	 0.0005185463229728422 	 0.01397150089782063
0.01928 	 0.0005312046599032374 	 0.013957292934144085
0.0195 	 0.0005444961010821817 	 0.013983145521519044
0.01972 	 0.0005581349295811497 	 0.014012253924691768
0.01995 	 0.0005718247971279841 	 0.014019681403069703
0.02018 	 0.0005856279250155429 	 0.014029247345078722
0.02042 	 0.0005994515892014021 	 0.014017736742509139
0.02065 	 0.0006138684324606664 	 0.014036914468025933
0.02089 	 0.0006286792178579526 	 0.014043451538729086
0.02113 	 0.0006439552129730615 	 0.0140538844765949
0.02138 	 0.0006591801160071065 	 0.014043492980773122
0.02163 	 0.0006748390821167283 	 0.014039972085035584
0.02188 	 0.0006909207788919606 	 0.014048454222607277
0.02213 	 0.0007074105497810075 	 0.014065506903081589
0.02239 	 0.0007241552471273316 	 0.014061330668827482
0.02265 	 0.000741453489377121 	 0.014064022587358626
0.02291 	 0.0007592874807462614 	 0.014073233559670155
0.02317 	 0.0007774590552746621 	 0.014085126187170673
0.02344 	 0.0007958000105003077 	 0.014083752734129304
0.02371 	 0.0008146313710106128 	 0.014102317407764102
0.02399 	 0.000833575124446895 	 0.014091058140833319
0.02427 	 0.0008531306776009197 	 0.014080039013132914
0.02455 	 0.0008732918136701724 	 0.014090946431902323
0.02483 	 0.0008940394432070071 	 0.014122370419845513
0.02512 	 0.0009149636902788956 	 0.014109452235799786
0.02541 	 0.0009364299267578895 	 0.014116891406935601
0.0257 	 0.0009584075897952295 	 0.014123853083531245
0.026 	 0.0009805165940007022 	 0.014127792247739449
0.0263 	 0.001003242500680351 	 0.014113551822035554
0.02661 	 0.0010262189895062746 	 0.014115640100372293
0.02692 	 0.0010497642243647053 	 0.014100331600372313
0.02723 	 0.0010737312999103475 	 0.014102480630441122
0.02754 	 0.0010985519058221494 	 0.014106944182954075
0.02786 	 0.0011235063335664664 	 0.014108024102292248
0.02818 	 0.0011492466791029486 	 0.014095350033795149
0.02851 	 0.0011752236759975815 	 0.014095936024510619
0.02884 	 0.0012020889097260742 	 0.01409931644339252
0.02917 	 0.0012298254381228491 	 0.014120227639650868
0.02951 	 0.0012576723242851747 	 0.014108133210884288
0.02985 	 0.0012864756501301062 	 0.01411422699339683
0.0302 	 0.0013156197748392328 	 0.014104319637661525
0.03055 	 0.0013453689595606065 	 0.01409674679807571
0.0309 	 0.0013753026777922682 	 0.014101949142861139
0.03126 	 0.0014057627520980167 	 0.014080834266403172
0.03162 	 0.0014382573818886434 	 0.014095771331401476
0.03199 	 0.0014695868753160988 	 0.01407553628417664
0.03236 	 0.0015015524013312436 	 0.014070304065817026
0.03273 	 0.0015354293694781378 	 0.014075681918089722
0.03311 	 0.0015694007966357809 	 0.014066771870888478
0.0335 	 0.001603437517932367 	 0.014044201697111949
0.03388 	 0.001638481352166799 	 0.01405204941811153
0.03428 	 0.0016743110418298978 	 0.0140270839353775
0.03467 	 0.001711097311267162 	 0.014031794711790179
0.03508 	 0.001747347487345361 	 0.014007321103783053
0.03548 	 0.001785744728938867 	 0.014009394042080122
0.03589 	 0.0018240426147538423 	 0.014007830552229983
0.03631 	 0.0018634123660155044 	 0.013992066740083143
0.03673 	 0.0019043131007093165 	 0.013995331722880814
0.03715 	 0.0019443842664597988 	 0.013986386631986716
0.03758 	 0.0019865923210195266 	 0.013979801758702916
0.03802 	 0.0020285679944791 	 0.013962097108548998
0.03846 	 0.002070836786703212 	 0.01394828418592136
0.0389 	 0.002115652146834972 	 0.013951627085317529
0.03935 	 0.0021601803976258444 	 0.013944340316156887
0.03981 	 0.0022044266079356174 	 0.013920000644224054
0.04027 	 0.002250028996914668 	 0.013906655939489405
0.04074 	 0.002297478682850773 	 0.013903289841139022
0.04121 	 0.002345160725568739 	 0.013897588368735381
0.04169 	 0.0023925191308371233 	 0.013876730728984708
0.04217 	 0.0024412010491088126 	 0.013861069322205882
0.04266 	 0.002490576657382505 	 0.013849376928136476
0.04315 	 0.0025423082769550787 	 0.013849148255729495
0.04365 	 0.0025936993454795947 	 0.01383564866938909
0.04416 	 0.0026457470868411024 	 0.013826251487905072
0.04467 	 0.002699123198435803 	 0.01381776633060714
0.04519 	 0.0027531789345604557 	 0.013808517918148463
0.04571 	 0.0028085547579440287 	 0.013805965670239576
0.04624 	 0.0028646498918707525 	 0.01379834475589475
0.04677 	 0.0029220648707716326 	 0.013802549510750817
0.04732 	 0.002979593598977129 	 0.013790609463078883
0.04786 	 0.003039137656057583 	 0.013798054997264853
0.04842 	 0.0030987588657828144 	 0.013798687099074272
0.04898 	 0.0031598450056634485 	 0.013803163741193235
0.04955 	 0.0032217183053289333 	 0.013808605347454277
0.05012 	 0.003282275338626806 	 0.01378671898198163
0.0507 	 0.0033465609870456745 	 0.013794920407164865
0.05129 	 0.0034135757352616275 	 0.01383018562355444
0.05188 	 0.003483559561125361 	 0.013954965297237543
0.05248 	 0.003560788281569911 	 0.01418241595996735
0.05309 	 0.0036503595530660332 	 0.014425875382227286
0.0537 	 0.003752230659609435 	 0.014693806961471422
0.05432 	 0.0039032260838319853 	 0.01507190924119402
0.05495 	 0.0040648893164989975 	 0.01538748886154029
0.05559 	 0.004215512821871941 	 0.015580155166871657
0.05623 	 0.004352374187804117 	 0.015654086294270318
0.05689 	 0.0044153996887707405 	 0.0151706718522754
0.05754 	 0.004433936003626541 	 0.014534666793139858
0.05821 	 0.004421679510471144 	 0.013832569954629758
0.05888 	 0.0043832962698960995 	 0.013091916410272858
0.05957 	 0.0042804083892652904 	 0.012258706925297772
0.06026 	 0.004187292536740885 	 0.011624713039997242
0.06095 	 0.004119195706462136 	 0.011200153156952703
0.06166 	 0.004072064745215377 	 0.010947816847027324
0.06237 	 0.004102534718290075 	 0.011144299957939622
0.0631 	 0.004223844122517822 	 0.011760097360682249
0.06383 	 0.004395918338265794 	 0.01259136833069231
0.06457 	 0.004618918346266538 	 0.01364003117886677
0.06531 	 0.0049030015317801075 	 0.014971663540655844
0.06607 	 0.005270021391624515 	 0.01657241878096695
0.06683 	 0.00566846403627383 	 0.018201029252136
0.06761 	 0.006092565940040699 	 0.019821207756438294
0.06839 	 0.006532651903273173 	 0.02141358346411729
0.06918 	 0.006970869385204961 	 0.022795564352464208
0.06998 	 0.007308374167771786 	 0.023535921763542852
0.07079 	 0.007500110645014171 	 0.023683148732433264
0.07161 	 0.007554227945082006 	 0.023307421574151225
0.07244 	 0.007483719545055068 	 0.022483937607037263
0.07328 	 0.007254334569157636 	 0.020941693046129948
0.07413 	 0.0069261424287770474 	 0.01893174362494394
0.07499 	 0.006616570009169325 	 0.017142153105548643
0.07586 	 0.006317151939391185 	 0.015483849507782955
0.07674 	 0.0060364620111114636 	 0.013984611387028275
0.07762 	 0.005784147453002159 	 0.01265692923476336
0.07852 	 0.005633417906827857 	 0.011730812182452784
0.07943 	 0.005525205358432341 	 0.011013387852708185
0.08035 	 0.005456901375466987 	 0.01047311044795066
0.08128 	 0.005426160047548668 	 0.010085157996711284
0.08222 	 0.00543091258185077 	 0.00983010043973064
0.08318 	 0.005484601387604979 	 0.009776521418922568
0.08414 	 0.005586884739879034 	 0.009935852539809487
0.08511 	 0.005722708283304781 	 0.010234217361243157
0.0861 	 0.00588247462542881 	 0.010638327951500598
0.0871 	 0.006072499401882613 	 0.011194118738554894
0.0881 	 0.006282369113045983 	 0.011883257619660224
0.08913 	 0.006401801190935313 	 0.012408623405818511
0.09016 	 0.006389392901619466 	 0.012671538452410454
0.0912 	 0.006301969440534776 	 0.01283120873988388
0.09226 	 0.006148248250849919 	 0.012652220955993542
0.09333 	 0.005969231695958328 	 0.012438894145283813
0.09441 	 0.005793606357321789 	 0.012428648863307365
0.0955 	 0.0054864079117686705 	 0.012138801594636291
0.09661 	 0.004987675573635168 	 0.011355163365190848
0.09772 	 0.0044844182752978665 	 0.010366113445787816
0.09886 	 0.004062972612747243 	 0.009256908922546886
0.1 	 0.0037237284422107658 	 0.00834321247223626
0.1012 	 0.003509008711789582 	 0.007785053544922591
0.1023 	 0.00330614899299396 	 0.007379085180291762
0.1035 	 0.003056976611672401 	 0.00706608361076649
0.1047 	 0.0027553620300189313 	 0.0066706066802873065
0.1059 	 0.0024021502023867498 	 0.006216495609469522
0.1072 	 0.002064549271294552 	 0.005628428920323954
0.1084 	 0.0017111581946977715 	 0.0049444758843769105
0.1096 	 0.0014015316454859782 	 0.004341243032268402
0.1109 	 0.0011650570403609608 	 0.003867469942202934
0.1122 	 0.001054755251462456 	 0.0034330361756193567
0.1135 	 0.0009692963492811053 	 0.003029310461154351
0.1148 	 0.0008951185304239931 	 0.00263091467585454
0.1161 	 0.0008210082347539458 	 0.002378417389173152
0.1175 	 0.0007605728546598266 	 0.0021623192187865715
0.1189 	 0.0007036166153145262 	 0.001969709110656989
0.1202 	 0.0006463214626460953 	 0.0017964930796149426
0.1216 	 0.0005931014478863694 	 0.0016358014150093963
0.123 	 0.0005484586790872943 	 0.0014897414293705757
0.1245 	 0.0005103547627531433 	 0.0013531172340863476
0.1259 	 0.000478753987595054 	 0.0012362504456983846
0.1274 	 0.000452395014087369 	 0.001129410808183155
0.1288 	 0.00043202513282181827 	 0.0010373887628787972
0.1303 	 0.0004146259699343128 	 0.0009531244258565512
0.1318 	 0.00039850112006942906 	 0.0008775864744233658
0.1334 	 0.00038365695451551173 	 0.0008076228894376864
0.1349 	 0.0003707476112974949 	 0.0007467780797861303
0.1365 	 0.0003584449122033073 	 0.0006903816818533079
0.138 	 0.0003462993865985757 	 0.0006411570712201088
0.1396 	 0.00033306532641188836 	 0.0005953481960221737
0.1413 	 0.0003191441486229646 	 0.0005503448420995966
0.1429 	 0.0003076338235103704 	 0.0005090386049719763
0.1445 	 0.00029702288831177817 	 0.0004718590390483685
0.1462 	 0.0002879958319787067 	 0.00043577628646860076
0.1479 	 0.00028088615020648694 	 0.0004024832699467279
0.1496 	 0.0002756982832280138 	 0.0003715341390925812
0.1514 	 0.00027253608443507686 	 0.0003419756667129492
0.1531 	 0.00027238498051785205 	 0.00031621642805638783
0.1549 	 0.00027500471416943835 	 0.00029218411229981254
0.1567 	 0.00028164874940880624 	 0.0002709285985821847
0.1585 	 0.00029076021885922587 	 0.0002520668043519769
0.1603 	 0.000301558005876684 	 0.00023540571140952154
0.1622 	 0.00031171963861941306 	 0.00022032111845722232
0.1641 	 0.0003214084369039832 	 0.00020695854810395356
0.166 	 0.0003300680420943834 	 0.00019520009330419914
0.1679 	 0.0003361296499766955 	 0.00018449091302348846
0.1698 	 0.00034082964539046764 	 0.00017456939830026597
0.1718 	 0.00034210906517472667 	 0.00016546421587700674
0.1738 	 0.0003430002615499573 	 0.00015670619843960156
0.1758 	 0.00034329208316886386 	 0.00014820720830151395
0.1778 	 0.00034330619769976344 	 0.0001399635781578438
0.1799 	 0.0003428029042649118 	 0.00013172785321274353
0.182 	 0.00034071489003680635 	 0.0001235051353006559
0.1841 	 0.0003393391567433786 	 0.00011566189708900767
0.1862 	 0.000338776111979249 	 0.00010821302381722975
0.1884 	 0.0003385639609758256 	 0.00010090648289625753
0.1905 	 0.00034035032187660225 	 9.421953165183664e-05
0.1928 	 0.0003464215724341957 	 8.776634274059625e-05
0.195 	 0.000354707438782609 	 8.203106604319132e-05
0.1972 	 0.0003651134287391735 	 7.682725195581662e-05
0.1995 	 0.0003773768757693783 	 7.194176870944382e-05
0.2018 	 0.0003914939630929004 	 6.774532147000618e-05
0.2042 	 0.00040738361312692465 	 6.398981692068057e-05
0.2065 	 0.00042516561946549564 	 6.086416210632144e-05
0.2089 	 0.0004443343603173166 	 5.805793332831538e-05
0.2113 	 0.0004649733687864782 	 5.5891133103699975e-05
0.2138 	 0.0004863003621325633 	 5.422677115004577e-05
0.2163 	 0.000503437459917528 	 5.284888395751116e-05
0.2188 	 0.0005182251927223356 	 5.142567280977254e-05
0.2213 	 0.0005343190376539323 	 4.9941838911091766e-05
0.2239 	 0.000551986658174275 	 4.845939543457618e-05
0.2265 	 0.0005741136839419673 	 4.760077770564161e-05
0.2291 	 0.0005993384602720728 	 4.733781496718011e-05
0.2317 	 0.0006242385921890765 	 4.7446534848215026e-05
0.2344 	 0.0006462917576571905 	 4.7672548144345005e-05
0.2371 	 0.0006655917731734945 	 4.805090135050321e-05
0.2399 	 0.0006816924681705563 	 4.8380179086769605e-05
0.2427 	 0.0006963822462300969 	 4.872117975287539e-05
0.2455 	 0.0007084951520876871 	 4.9023529548487696e-05
0.2483 	 0.0007178338474687244 	 4.9256508598644934e-05
0.2512 	 0.0007242464305393194 	 4.931299586497834e-05
0.2541 	 0.0007281253913133581 	 4.929940803678623e-05
0.257 	 0.0007297797325063867 	 4.926845513562613e-05
0.26 	 0.0007306856026880744 	 4.9359469168889495e-05
0.263 	 0.0007294595753463707 	 4.945509869813599e-05
0.2661 	 0.0007245984712007515 	 4.929739689789944e-05
0.2692 	 0.000716537782979132 	 4.898106047204009e-05
0.2723 	 0.0007058351741637491 	 4.852128084758442e-05
0.2754 	 0.0006917204027336617 	 4.782497438842796e-05
0.2786 	 0.0006738621894408599 	 4.679269377293258e-05
0.2818 	 0.0006540724683252182 	 4.5645398740335795e-05
0.2851 	 0.0006324132878274004 	 4.4347738256681056e-05
0.2884 	 0.0006119496585757664 	 4.2986887201703364e-05
0.2917 	 0.0005914550598590057 	 4.15985758104641e-05
0.2951 	 0.0005702715973048068 	 4.018556532182797e-05
0.2985 	 0.0005497049736911192 	 3.875788223006224e-05
0.302 	 0.0005295083775578916 	 3.727755366441476e-05
0.3055 	 0.0005098475673441 	 3.580699495154873e-05
0.309 	 0.0004907484513119096 	 3.436087743164127e-05
0.3126 	 0.0004718471442354908 	 3.2878209530352696e-05
0.3162 	 0.0004532605374884355 	 3.144654534299523e-05
0.3199 	 0.00043553704851686284 	 3.0013765926692565e-05
0.3236 	 0.0004183250037746012 	 2.8634315989800146e-05
0.3273 	 0.00040205903299574895 	 2.7299437229798937e-05
0.3311 	 0.0003861877598213928 	 2.601890508560422e-05
0.335 	 0.00037156244960396797 	 2.477359141822406e-05
0.3388 	 0.000357959157146204 	 2.3629881402263262e-05
0.3428 	 0.0003452946208100444 	 2.248494309585764e-05
0.3467 	 0.0003339877182055428 	 2.1447368037328735e-05
0.3508 	 0.0003238727356609838 	 2.0419492753357356e-05
0.3548 	 0.00031468370954818226 	 1.9474698441390454e-05
0.3589 	 0.0003059381363772442 	 1.8573862708036316e-05
0.3631 	 0.00029783753215392093 	 1.7703101272184787e-05
0.3673 	 0.0002896605179472916 	 1.691003834571153e-05
0.3715 	 0.00028131501010657484 	 1.6184483950339817e-05
0.3758 	 0.0002730271984377642 	 1.549558440962404e-05
0.3802 	 0.0002649585468063782 	 1.4830575819847703e-05
0.3846 	 0.0002569581025643703 	 1.4212585920396777e-05
0.389 	 0.00024912142489832804 	 1.361389571162281e-05
0.3936 	 0.0002410376745591287 	 1.3014435400419231e-05
0.3981 	 0.0002329431715664528 	 1.2455955306213279e-05
0.4027 	 0.00022465428799631117 	 1.1910269486218511e-05
0.4074 	 0.00021622232221657953 	 1.1379178212575231e-05
0.4121 	 0.00020774601810544683 	 1.0874667968322896e-05
0.4169 	 0.00019918184394690516 	 1.0385580895617042e-05
0.4217 	 0.00019058666406844666 	 9.921847596441942e-06
0.4266 	 0.000182104515451034 	 9.467806456108205e-06
0.4315 	 0.00017350855619782616 	 9.044780764944949e-06
0.4365 	 0.00016551887002028024 	 8.622751669317643e-06
0.4416 	 0.00015807577912426002 	 8.203146213337965e-06
0.4467 	 0.0001507227108808688 	 7.802627074711036e-06
0.4519 	 0.0001436938029941685 	 7.422581699263396e-06
0.4571 	 0.00013712790299702672 	 7.063304603401272e-06
0.4624 	 0.00013097130979431197 	 6.717391238909857e-06
0.4677 	 0.00012509882787598128 	 6.394089363347129e-06
0.4732 	 0.00011948220169058946 	 6.081507846668038e-06
0.4786 	 0.00011435175168937421 	 5.785953305435154e-06
0.4842 	 0.00010933324026561427 	 5.503972814003537e-06
0.4898 	 0.0001048281267899857 	 5.2330815011392815e-06
0.4955 	 0.00010061612216914405 	 4.97175484140635e-06
0.5012 	 9.659557506179313e-05 	 4.7268992224787036e-06
0.507 	 9.274342724859505e-05 	 4.4937241775414e-06
0.5129 	 8.902951484863499e-05 	 4.2716009851099275e-06
0.5188 	 8.5595614015241e-05 	 4.0603892341196585e-06
0.5248 	 8.219327318358904e-05 	 3.861970525199166e-06
0.5309 	 7.901547007486151e-05 	 3.670198879841593e-06
0.537 	 7.59412008239515e-05 	 3.4929742388652782e-06
0.5433 	 7.301252381348679e-05 	 3.3188809267813487e-06
0.5495 	 7.025789947132675e-05 	 3.1578787890454364e-06
0.5559 	 6.755423190256093e-05 	 3.0020510640040128e-06
0.5623 	 6.495243777153278e-05 	 2.8580429850407782e-06
0.5689 	 6.245647325761478e-05 	 2.716520837681938e-06
0.5754 	 6.007214322198769e-05 	 2.5875669001628194e-06
0.5821 	 5.778721055272798e-05 	 2.46074969916528e-06
0.5888 	 5.560141094884278e-05 	 2.3435415775150312e-06
0.5957 	 5.350979343808967e-05 	 2.228361112583316e-06
0.6026 	 5.1490624458628615e-05 	 2.121886811646946e-06
0.6095 	 4.960230180767504e-05 	 2.0200208121934524e-06
0.6166 	 4.780763774281836e-05 	 1.921674455655273e-06
0.6237 	 4.6033152838386334e-05 	 1.8306662922657437e-06
0.631 	 4.4389568359051397e-05 	 1.7413316734515083e-06
0.6383 	 4.2765938381257153e-05 	 1.6586833714091555e-06
0.6457 	 4.127437676127946e-05 	 1.5785785470040516e-06
0.6531 	 3.9834668961349956e-05 	 1.5031648870433072e-06
0.6607 	 3.840184895184282e-05 	 1.4316106984373325e-06
0.6683 	 3.705184889570479e-05 	 1.3630513805105283e-06
0.6761 	 3.571009162679952e-05 	 1.2980567515105197e-06
0.6839 	 3.446991897181796e-05 	 1.235800729385455e-06
0.6918 	 3.3243490585852724e-05 	 1.177507798188565e-06
0.6998 	 3.210875388647052e-05 	 1.1209720743315188e-06
0.7079 	 3.101020056094766e-05 	 1.0680759981177964e-06
0.7161 	 2.9951750126119188e-05 	 1.0176613427722818e-06
0.7244 	 2.895659130135998e-05 	 9.687608181524089e-07
0.7328 	 2.7975159993269727e-05 	 9.230219819574594e-07
0.7413 	 2.7009915233278435e-05 	 8.794335734699009e-07
0.7499 	 2.6103432300564192e-05 	 8.379240128033356e-07
0.7586 	 2.5233148352591287e-05 	 7.98385892902983e-07
0.7674 	 2.441852720671758e-05 	 7.600437832774769e-07
0.7762 	 2.3599928938435497e-05 	 7.245755374688134e-07
0.7852 	 2.2833066088973086e-05 	 6.904330229317668e-07
0.7943 	 2.2079001310167727e-05 	 6.579142710423062e-07
0.8035 	 2.1357767728815937e-05 	 6.269525435539481e-07
0.8128 	 2.0648630732094855e-05 	 5.97467409524395e-07
0.8222 	 1.997123885237017e-05 	 5.693972065790419e-07
0.8318 	 1.9320581431155705e-05 	 5.424133769110474e-07
0.8414 	 1.869297623014317e-05 	 5.169865074943936e-07
0.8511 	 1.8074408300004358e-05 	 4.932373241969982e-07
0.861 	 1.7490902983895556e-05 	 4.699545323397537e-07
0.871 	 1.6930576659804332e-05 	 4.4780489402554576e-07
0.881 	 1.6391026133959254e-05 	 4.2692597379178583e-07
0.8913 	 1.5869953914170283e-05 	 4.066847442010581e-07
0.9016 	 1.535783850364682e-05 	 3.879764268979593e-07
0.912 	 1.488552422258965e-05 	 3.6981588657399634e-07
0.9226 	 1.442865258971207e-05 	 3.523840421428918e-07
0.9333 	 1.3976921406049037e-05 	 3.36126244134381e-07
0.9441 	 1.3555279871762597e-05 	 3.20349614718012e-07
0.955 	 1.3147840192363245e-05 	 3.053457157517517e-07
0.9661 	 1.2745816382737304e-05 	 2.912336658234397e-07
0.9772 	 1.2369572480859621e-05 	 2.7765643536376926e-07
0.9886 	 1.1994110511115864e-05 	 2.647811966551748e-07
1.0 	 1.163681881841226e-05 	 2.5263889948874595e-07
1.012 	 1.128822787090448e-05 	 2.403761097079803e-07
1.023 	 1.0955213448458164e-05 	 2.2995483751432964e-07
1.035 	 1.0632334542618694e-05 	 2.1902692225257943e-07
1.047 	 1.0314013107085255e-05 	 2.0893263496132634e-07
1.059 	 1.0008909318015865e-05 	 1.9940904848983767e-07
1.072 	 9.712464247039275e-06 	 1.8952406285256604e-07
1.084 	 9.431135914631336e-06 	 1.8107732436811428e-07
1.096 	 9.158742932915845e-06 	 1.7309216279437265e-07
1.109 	 8.888503584508046e-06 	 1.6494261704774996e-07
1.122 	 8.630265546955807e-06 	 1.5726365936165716e-07
1.135 	 8.38911495876358e-06 	 1.498761772904357e-07
1.148 	 8.15205181567366e-06 	 1.4305094016359626e-07
1.161 	 7.924431476156883e-06 	 1.3660683243501855e-07
1.175 	 7.699393089124102e-06 	 1.3007494142018817e-07
1.189 	 7.483712615723795e-06 	 1.2392594065447916e-07
1.202 	 7.281714724573871e-06 	 1.1852684033353713e-07
1.216 	 7.082201003795557e-06 	 1.1304357258895674e-07
1.23 	 6.891181496428424e-06 	 1.0787130851130651e-07
1.245 	 6.702991585945025e-06 	 1.0265870712317451e-07
1.259 	 6.524279841275387e-06 	 9.806562461929357e-08
1.274 	 6.348354551521987e-06 	 9.343058491571478e-08
1.288 	 6.182475009439224e-06 	 8.934090619688652e-08
1.303 	 6.018000145876898e-06 	 8.52085915807173e-08
1.318 	 5.859705152742818e-06 	 8.131054076655377e-08
1.334 	 5.703109426685986e-06 	 7.739854335098705e-08
1.349 	 5.556732766485051e-06 	 7.393602111495593e-08
1.365 	 5.4119806105307015e-06 	 7.045651680383032e-08
1.38 	 5.2755093830646375e-06 	 6.737258240218854e-08
1.396 	 5.1418490114544845e-06 	 6.426965588826444e-08
1.413 	 5.005812654338225e-06 	 6.122999635057704e-08
1.429 	 4.882885831534655e-06 	 5.847265457319359e-08
1.445 	 4.763757755628615e-06 	 5.586746735487745e-08
1.462 	 4.642440178491634e-06 	 5.331235278586706e-08
1.479 	 4.528841589655926e-06 	 5.0850321374655784e-08
1.496 	 4.418874075531665e-06 	 4.852760433791745e-08
1.514 	 4.3107093572927134e-06 	 4.621261431622671e-08
1.531 	 4.208865692949634e-06 	 4.414808152977348e-08
1.549 	 4.108745309081731e-06 	 4.2087724426137654e-08
1.567 	 4.008603211847129e-06 	 4.018599646918934e-08
1.585 	 3.916174400703505e-06 	 3.83515082121173e-08
1.603 	 3.825740912276176e-06 	 3.6619609393789956e-08
1.622 	 3.7339591440235528e-06 	 3.493294489351922e-08
1.641 	 3.6483931278033445e-06 	 3.330832341110395e-08
1.66 	 3.5627908412482198e-06 	 3.180871774455222e-08
1.679 	 3.484088905303854e-06 	 3.036158262093632e-08
1.698 	 3.4070823316949117e-06 	 2.8995098745202184e-08
1.718 	 3.3280148094522474e-06 	 2.7667822358142285e-08
1.738 	 3.2554733400593663e-06 	 2.6388627690046368e-08
1.758 	 3.1818733069458744e-06 	 2.520770107335937e-08
1.778 	 3.1144749148985608e-06 	 2.4067439098740408e-08
1.799 	 3.046826961833654e-06 	 2.293928562916587e-08
1.82 	 2.980117851838043e-06 	 2.1898419861810056e-08
1.841 	 2.917358464399107e-06 	 2.089443769398147e-08
1.862 	 2.855458875893121e-06 	 1.9967395024703183e-08
1.884 	 2.795783211020931e-06 	 1.903109997773352e-08
1.905 	 2.737512084145298e-06 	 1.8205479600856665e-08
1.928 	 2.6808664266407665e-06 	 1.733409339912295e-08
1.95 	 2.62556947890358e-06 	 1.6564785481597385e-08
1.972 	 2.574533884569223e-06 	 1.5821353873043943e-08
1.995 	 2.5212208959186743e-06 	 1.5104103597654808e-08
2.018 	 2.4720460600249832e-06 	 1.441214302393927e-08
2.042 	 2.421596085452402e-06 	 1.3746304182241796e-08
2.065 	 2.3762913500343033e-06 	 1.3130314309828785e-08
2.089 	 2.328896181859802e-06 	 1.25371121678665e-08
2.113 	 2.2853077778425167e-06 	 1.1964631744089431e-08
2.138 	 2.240572277829819e-06 	 1.1414656322121638e-08
2.163 	 2.1995112026155313e-06 	 1.0884622792308555e-08
2.188 	 2.1575642247534173e-06 	 1.0395532117034639e-08
2.213 	 2.119120830588638e-06 	 9.923291401323298e-09
2.239 	 2.0796329671692607e-06 	 9.470260622079515e-09
2.265 	 2.0410516147083858e-06 	 9.042789195923746e-09
2.291 	 2.0057812123657645e-06 	 8.630183648037933e-09
2.317 	 1.9696398018504385e-06 	 8.249229427453228e-09
2.344 	 1.9358356927632733e-06 	 7.867410664208519e-09
2.371 	 1.90193836996181e-06 	 7.515078215648381e-09
2.399 	 1.869581975077838e-06 	 7.162803286255893e-09
2.427 	 1.8371481239264058e-06 	 6.837897157771601e-09
2.455 	 1.8054540785475674e-06 	 6.531205548524898e-09
2.483 	 1.7766621084199825e-06 	 6.235000262678102e-09
2.512 	 1.7463457640252904e-06 	 5.951996371213253e-09
2.541 	 1.7174137888023332e-06 	 5.684870111505313e-09
2.57 	 1.6912275484221614e-06 	 5.426882743858852e-09
2.6 	 1.6635863013825298e-06 	 5.180691311370777e-09
2.63 	 1.636575636032533e-06 	 4.948303159845829e-09
2.661 	 1.6122350808243284e-06 	 4.716753894506183e-09
2.692 	 1.5884453489902743e-06 	 4.4984748548868416e-09
2.723 	 1.5638842093334103e-06 	 4.297080158860282e-09
2.754 	 1.5405164546166718e-06 	 4.106831960554197e-09
2.786 	 1.5183885913695801e-06 	 3.917243508722207e-09
2.818 	 1.4961349348714746e-06 	 3.7423109884506756e-09
2.851 	 1.473863857563194e-06 	 3.572019134475158e-09
2.884 	 1.4539253371049985e-06 	 3.407717950287193e-09
2.917 	 1.4332373163214665e-06 	 3.256101376859231e-09
2.951 	 1.413710655178471e-06 	 3.1053331208211785e-09
2.985 	 1.3946461938679633e-06 	 2.9662445772885297e-09
3.02 	 1.3761160578078716e-06 	 2.828117506438595e-09
3.055 	 1.3580332511920825e-06 	 2.7007213504048385e-09
3.09 	 1.339787357744192e-06 	 2.580417552232093e-09
3.126 	 1.3237620466545033e-06 	 2.4609837565535116e-09
3.162 	 1.306450136118273e-06 	 2.350804944467509e-09
3.199 	 1.2896785578940765e-06 	 2.2439163353187455e-09
3.236 	 1.27435188846983e-06 	 2.140768367277601e-09
3.273 	 1.259912002630468e-06 	 2.0434279909354443e-09
3.311 	 1.244380445715997e-06 	 1.951220474800756e-09
3.35 	 1.2298588132720099e-06 	 1.8599567237851914e-09
3.388 	 1.2160646471255115e-06 	 1.7779046302275503e-09
3.428 	 1.202358390924865e-06 	 1.6945614852503196e-09
3.467 	 1.188833159529979e-06 	 1.6195904890062156e-09
3.508 	 1.1749385872549708e-06 	 1.5451912691604547e-09
3.548 	 1.163162153530633e-06 	 1.4751097006915292e-09
3.589 	 1.1503699991413865e-06 	 1.4088510400291865e-09
3.631 	 1.1389920649019516e-06 	 1.3433575200822357e-09
3.673 	 1.1274218489984416e-06 	 1.282960644595993e-09
3.715 	 1.1170437795026733e-06 	 1.2246133502013604e-09
3.758 	 1.1056845001978764e-06 	 1.1695198630145285e-09
3.802 	 1.0956756808847761e-06 	 1.1151235508139663e-09
3.846 	 1.0849950995283522e-06 	 1.0649639642439997e-09
3.89 	 1.0759108221162733e-06 	 1.0165058437781809e-09
3.936 	 1.0656036039267653e-06 	 9.698144997886375e-10
3.981 	 1.0562479275405377e-06 	 9.267043897667771e-10
4.027 	 1.0472707150616569e-06 	 8.841359304138515e-10
4.074 	 1.0382575629815607e-06 	 8.440390023154461e-10
4.121 	 1.0298746204432362e-06 	 8.05325233862269e-10
4.169 	 1.021018433753935e-06 	 7.688741293977525e-10
4.217 	 1.0136322438367926e-06 	 7.336742115915184e-10
4.266 	 1.0053443750781543e-06 	 7.00544098917323e-10
4.315 	 9.980763033716384e-07 	 6.685438351724223e-10
4.365 	 9.907454822593432e-07 	 6.38436403079165e-10
4.416 	 9.837721918047523e-07 	 6.087964515453053e-10
4.467 	 9.773663320238597e-07 	 5.80841748016106e-10
4.519 	 9.704853787443719e-07 	 5.545669656055296e-10
4.571 	 9.645646901310198e-07 	 5.29189570809171e-10
4.624 	 9.58966144618844e-07 	 5.04797493829924e-10
4.677 	 9.530923986749457e-07 	 4.823042525828365e-10
4.732 	 9.477396102611927e-07 	 4.597730420701615e-10
4.786 	 9.430915332761027e-07 	 4.388974744833576e-10
4.842 	 9.381688341824592e-07 	 4.184904033410058e-10
4.898 	 9.341039157281809e-07 	 3.9924548017401163e-10
4.955 	 9.291785334657577e-07 	 3.811914485015236e-10
5.012 	 9.251361466410181e-07 	 3.6375035093589507e-10
5.07 	 9.210131089652547e-07 	 3.4701247984279206e-10
5.129 	 9.160504956654554e-07 	 3.3132091236697486e-10
5.188 	 9.123090648591942e-07 	 3.1616122370844743e-10
5.248 	 9.084890197902015e-07 	 3.0162085906678723e-10
5.309 	 9.049361105578323e-07 	 2.876825571808353e-10
5.37 	 9.018119760853926e-07 	 2.7453302507485107e-10
5.433 	 8.980229159120893e-07 	 2.6202121364603637e-10
5.495 	 8.95559535317774e-07 	 2.501218097568128e-10
5.559 	 8.931682063211191e-07 	 2.3854059264878657e-10
5.623 	 8.908437521805675e-07 	 2.276159457819862e-10
5.689 	 8.889104702692444e-07 	 2.169986665993045e-10
5.754 	 8.875050394360009e-07 	 2.0713177738091132e-10
5.821 	 8.858401630453518e-07 	 1.9754248922599586e-10
5.888 	 8.848455235199882e-07 	 1.8849691509409092e-10
5.957 	 8.838969705353631e-07 	 1.797170081778265e-10
6.026 	 8.832876964638585e-07 	 1.7143788494162415e-10
6.095 	 8.833066094710809e-07 	 1.6362588306269095e-10
6.166 	 8.833509277669076e-07 	 1.560471759873107e-10
6.237 	 8.841475542523337e-07 	 1.487322138169313e-10
6.31 	 8.83204626503259e-07 	 1.4197017800556167e-10
6.383 	 8.83306487621195e-07 	 1.3543683912302625e-10
6.457 	 8.838534907551891e-07 	 1.291916698079693e-10
6.531 	 8.857056170500764e-07 	 1.2316095674652045e-10
6.607 	 8.871010692558006e-07 	 1.1746138312945007e-10
6.683 	 8.895002265159446e-07 	 1.1195861260331016e-10
6.761 	 8.911495223934849e-07 	 1.0676252915092649e-10
6.839 	 8.935893551846383e-07 	 1.0186185393612547e-10
6.918 	 8.971465687457848e-07 	 9.707048701826612e-11
6.998 	 9.008021511684835e-07 	 9.24993848813474e-11
7.079 	 9.043216493175152e-07 	 8.823988108369322e-11
7.161 	 9.086734520146605e-07 	 8.407760327596997e-11
7.244 	 9.128544357476164e-07 	 8.020078145333808e-11
7.328 	 9.18365563504342e-07 	 7.641363711665239e-11
7.413 	 9.239285825936894e-07 	 7.280393675985574e-11
7.499 	 9.292629295292688e-07 	 6.944388398768192e-11
7.586 	 9.358970960123073e-07 	 6.616256116278681e-11
7.674 	 9.430437024510995e-07 	 6.303636372848344e-11
7.762 	 9.508087502009452e-07 	 6.008926899107271e-11
7.852 	 9.589308053194984e-07 	 5.725085450870505e-11
7.943 	 9.669465640337383e-07 	 5.4611194925409296e-11
8.035 	 9.76440081694325e-07 	 5.2034006010023806e-11
8.128 	 9.863578798133098e-07 	 4.95798924452277e-11
8.222 	 9.969150886516324e-07 	 4.7243181347520584e-11
8.318 	 1.00774232900423e-06 	 4.499672263575248e-11
8.414 	 1.0201443142198061e-06 	 4.282921086507145e-11
8.511 	 1.032288182820415e-06 	 4.0816191354718336e-11
8.61 	 1.044874389484367e-06 	 3.8881805604468715e-11
8.71 	 1.0577863905539668e-06 	 3.7041605718963544e-11
8.81 	 1.0715667644970688e-06 	 3.530711316372999e-11
8.913 	 1.086517988025465e-06 	 3.3585550555964324e-11
9.016 	 1.1011868914001213e-06 	 3.20032593791721e-11
9.12 	 1.1165395929918632e-06 	 3.049808998851211e-11
9.226 	 1.1331673706224e-06 	 2.9018479732254688e-11
9.333 	 1.1495055654693962e-06 	 2.7646816807756396e-11
9.441 	 1.1674382379551408e-06 	 2.6310641164209923e-11
9.55 	 1.185011119332534e-06 	 2.5072196258734336e-11
9.661 	 1.204243680000869e-06 	 2.3855513175902804e-11
9.772 	 1.2254088288540464e-06 	 2.2681774337339585e-11
9.886 	 1.2448435738833335e-06 	 2.1603913317937604e-11
10.0 	 1.2659724893599287e-06 	 2.0562759379088814e-11
10.12 	 1.2886501523578522e-06 	 1.9511189676755285e-11
10.23 	 1.312176162698129e-06 	 1.8619461729156135e-11
10.35 	 1.3350374694782642e-06 	 1.770808192763132e-11
10.47 	 1.3556664718620545e-06 	 1.687147032269621e-11
10.59 	 1.3747925286251816e-06 	 1.610320752641007e-11
10.72 	 1.3996119582401924e-06 	 1.5262858882609642e-11
10.84 	 1.4302641161389343e-06 	 1.4509965083192887e-11
10.96 	 1.4658277742517013e-06 	 1.3783226212301227e-11
11.09 	 1.5062283074365756e-06 	 1.3017851080258815e-11
11.22 	 1.5630684474023094e-06 	 1.221727728867395e-11
11.35 	 1.6307627095219909e-06 	 1.1427594738441064e-11
11.48 	 2.270070216984939e-06 	 9.401863173872527e-12
11.61 	 1.535568735571377e-06 	 1.1713556462854734e-11
11.75 	 1.5821940882374956e-06 	 1.0713575671618524e-11
11.89 	 1.6279961128135938e-06 	 9.991873379158927e-12
12.02 	 1.6712866536313698e-06 	 9.43644051054726e-12
12.16 	 1.7089732363731874e-06 	 8.956004019825732e-12
12.3 	 1.7465518901928371e-06 	 8.513521582597988e-12
12.45 	 1.7835541905650908e-06 	 8.061458747288582e-12
12.59 	 1.8248140430784843e-06 	 7.662345610546407e-12
12.74 	 1.8637055669612176e-06 	 7.266573910402492e-12
12.88 	 1.9061667168581969e-06 	 6.920526577389356e-12
13.03 	 1.946148775038056e-06 	 6.576544295298409e-12
13.18 	 1.9870085004237813e-06 	 6.254033106465443e-12
13.34 	 2.0301058521109913e-06 	 5.927304553481397e-12
13.49 	 2.074188092481738e-06 	 5.63759709453347e-12
13.65 	 2.1184014749588383e-06 	 5.3530537965834224e-12
13.8 	 2.1651065433672967e-06 	 5.1006753834876455e-12
13.96 	 2.21285952845925e-06 	 4.848314917644966e-12
14.13 	 2.2585805892104924e-06 	 4.597299617178687e-12
14.29 	 2.308070651069702e-06 	 4.3750585510436686e-12
14.45 	 2.358801845592081e-06 	 4.16476090024636e-12
14.62 	 2.409995667221928e-06 	 3.956668911114924e-12
14.79 	 2.4625796147175384e-06 	 3.75970816409751e-12
14.96 	 2.5202937815801977e-06 	 3.5714510143317396e-12
15.14 	 2.574608939426872e-06 	 3.3880033206901107e-12
15.31 	 2.632131237199952e-06 	 3.226056277400315e-12
15.49 	 2.688848788428121e-06 	 3.065333158117332e-12
15.67 	 2.747859350792355e-06 	 2.914245019745261e-12
15.85 	 2.8086687787046543e-06 	 2.7729558645583606e-12
16.03 	 2.870570861111901e-06 	 2.6394745948948207e-12
16.22 	 2.9337624775011e-06 	 2.5084863684621194e-12
16.41 	 2.997736733627639e-06 	 2.3853444882915143e-12
16.6 	 3.0622508947966284e-06 	 2.269850307957584e-12
16.79 	 3.1299464200041307e-06 	 2.161719943431178e-12
16.98 	 3.199443303746155e-06 	 2.06032549117197e-12
17.18 	 3.26777492001149e-06 	 1.960224916350385e-12
17.38 	 3.3388460878543226e-06 	 1.866927849920751e-12
17.58 	 3.410582542633851e-06 	 1.7791782826696694e-12
17.78 	 3.485248169946242e-06 	 1.6970927569577374e-12
17.99 	 3.5582854771847278e-06 	 1.6164528977911964e-12
18.2 	 3.634128494858731e-06 	 1.5411481850014932e-12
18.41 	 3.711169141876761e-06 	 1.4709069951068122e-12
18.62 	 3.789988652525226e-06 	 1.4049523193511185e-12
18.84 	 3.8690913403419585e-06 	 1.3406534688500795e-12
19.05 	 3.950737942874263e-06 	 1.282955841390739e-12
19.28 	 4.030444245567337e-06 	 1.2240892708810815e-12
19.5 	 4.114346129750137e-06 	 1.1718201915744912e-12
19.72 	 4.19830037466623e-06 	 1.1228103850087337e-12
19.95 	 4.283638356828431e-06 	 1.074987067049897e-12
20.18 	 4.3685700724535004e-06 	 1.0303456395887755e-12
20.42 	 4.453540346160886e-06 	 9.867800672890599e-13
20.65 	 4.541328812296418e-06 	 9.48081612184772e-13
20.89 	 4.628616515325226e-06 	 9.103592298075696e-13
21.13 	 4.720578205553575e-06 	 8.748573763799917e-13
21.38 	 4.811976131624918e-06 	 8.39922145099033e-13
21.63 	 4.901341189820116e-06 	 8.080764386399554e-13
21.88 	 4.987411415863982e-06 	 7.789416984808944e-13
22.13 	 5.071310416517128e-06 	 7.519868821860977e-13
22.39 	 5.159155888259135e-06 	 7.252163595518071e-13
22.65 	 5.248509325364787e-06 	 7.003144227567589e-13
22.91 	 5.3369298219431426e-06 	 6.772965556773349e-13
23.17 	 5.425688399733532e-06 	 6.557902097178191e-13
23.44 	 5.512448293742081e-06 	 6.34827030535171e-13
23.71 	 5.598914858257849e-06 	 6.15309848583827e-13
23.99 	 5.68264639707126e-06 	 5.963362681932851e-13
24.27 	 5.767318466650344e-06 	 5.786856604055687e-13
24.55 	 5.84947696976258e-06 	 5.622699864100546e-13
24.83 	 5.931392723316925e-06 	 5.470846487971469e-13
25.12 	 6.010146235769665e-06 	 5.320645173959703e-13
25.41 	 6.0884119933687e-06 	 5.181602309321109e-13
25.7 	 6.163765167653043e-06 	 5.051803121423869e-13
26.0 	 6.235984960796223e-06 	 4.923875613757066e-13
26.3 	 6.307026509153309e-06 	 4.804143220431314e-13
26.61 	 6.372745250209234e-06 	 4.685892974506984e-13
26.92 	 6.436274450399351e-06 	 4.574318995859523e-13
27.23 	 6.498025636703415e-06 	 4.4707224397023913e-13
27.54 	 6.557623736289447e-06 	 4.3735327790586986e-13
27.86 	 6.61124736507774e-06 	 4.275692756290532e-13
28.18 	 6.662542020724857e-06 	 4.183612861514648e-13
28.51 	 6.707732634070183e-06 	 4.090677514023119e-13
28.84 	 6.75053553615598e-06 	 4.003664194016189e-13
29.17 	 6.789935269385975e-06 	 3.9200871687830896e-13
29.51 	 6.823147183533797e-06 	 3.8359617453020914e-13
29.85 	 6.853618492503706e-06 	 3.7561027294402366e-13
30.2 	 6.878349974347259e-06 	 3.674774817803131e-13
30.55 	 6.899002867530293e-06 	 3.596964159214286e-13
30.9 	 6.916753002700438e-06 	 3.5227295872917436e-13
31.26 	 6.927538614180808e-06 	 3.446517894795564e-13
31.62 	 6.934832305112324e-06 	 3.37317375482964e-13
31.99 	 6.935726591068588e-06 	 3.2988638255832816e-13
32.36 	 6.932610400407015e-06 	 3.2267658244353816e-13
32.73 	 6.92407879159872e-06 	 3.155534033600866e-13
33.11 	 6.9126676531518774e-06 	 3.086031379158909e-13
33.5 	 6.895213831629469e-06 	 3.014742906753225e-13
33.88 	 6.871029457885711e-06 	 2.9453662931485427e-13
34.28 	 6.842918077383628e-06 	 2.8744925245708894e-13
34.67 	 6.812575866752347e-06 	 2.8087688252122825e-13
35.08 	 6.771126164400644e-06 	 2.7352621777438175e-13
35.48 	 6.731583962259886e-06 	 2.6699082632758174e-13
35.89 	 6.686948704090182e-06 	 2.6032484044976546e-13
36.31 	 6.636844378209071e-06 	 2.535501152839051e-13
36.73 	 6.580329459249068e-06 	 2.466983681828878e-13
37.15 	 6.5248670778442546e-06 	 2.4029552112548807e-13
37.58 	 6.464525980881007e-06 	 2.338090679152994e-13
38.02 	 6.3995697530766535e-06 	 2.2725993771423137e-13
38.46 	 6.3330436313729145e-06 	 2.2090422491801308e-13
38.9 	 6.263946687738808e-06 	 2.147282464390408e-13
39.36 	 6.189842308526865e-06 	 2.083039700072376e-13
39.81 	 6.113841628129493e-06 	 2.0210259601507192e-13
40.27 	 6.036822582247649e-06 	 1.9607720332440527e-13
40.74 	 5.9570265909334515e-06 	 1.9005226001477604e-13
41.21 	 5.87560955291402e-06 	 1.842192306094134e-13
41.69 	 5.792341688732253e-06 	 1.7840638676494282e-13
42.17 	 5.708289659106754e-06 	 1.727887267692902e-13
42.66 	 5.620691381418273e-06 	 1.6706626302907624e-13
43.15 	 5.534306328481627e-06 	 1.6168035357547775e-13
43.65 	 5.446308436162791e-06 	 1.5633681129384694e-13
44.16 	 5.356910639592023e-06 	 1.5104730785682685e-13
44.67 	 5.267257747783782e-06 	 1.458518576783172e-13
45.19 	 5.176863007618142e-06 	 1.408260883840007e-13
45.71 	 5.08712451996298e-06 	 1.3599385929159604e-13
46.24 	 4.996183408216633e-06 	 1.3114270819996112e-13
46.77 	 4.906595275395039e-06 	 1.2657191481175454e-13
47.32 	 4.815089699554555e-06 	 1.219680378536289e-13
47.86 	 4.725449809532752e-06 	 1.1758049158029328e-13
48.42 	 4.635245680403292e-06 	 1.1325552704511131e-13
48.98 	 4.545800700419801e-06 	 1.0904596521032464e-13
49.55 	 4.455140379493822e-06 	 1.0498079701811488e-13
50.12 	 4.367592202289749e-06 	 1.0104560871301019e-13
50.7 	 4.280917804823768e-06 	 9.726108773462421e-14
51.29 	 4.195223478068511e-06 	 9.35199558808431e-14
51.88 	 4.108138048797853e-06 	 8.997504126239772e-14
52.48 	 4.025335317617231e-06 	 8.649916265578546e-14
53.09 	 3.940493428382848e-06 	 8.314202874814379e-14
53.7 	 3.85780924233256e-06 	 7.990069987191968e-14
54.33 	 3.7756814544226825e-06 	 7.66973427232161e-14
54.95 	 3.6932939020283396e-06 	 7.3718317503722e-14
55.59 	 3.614489446221038e-06 	 7.075968190669708e-14
56.23 	 3.537625314180942e-06 	 6.794388636640757e-14
56.89 	 3.4586863011686224e-06 	 6.518401725938296e-14
57.54 	 3.3827343021382594e-06 	 6.257610204902295e-14
58.21 	 3.3076221180283187e-06 	 6.001141261655205e-14
58.88 	 3.2366926577583937e-06 	 5.758664197525469e-14
59.57 	 3.1618719166900857e-06 	 5.520310071210965e-14
60.26 	 3.091577233081736e-06 	 5.2930168062395145e-14
60.95 	 3.023178279852324e-06 	 5.077070214544623e-14
61.66 	 2.953739578569362e-06 	 4.8644504498491845e-14
62.37 	 2.8877010213902227e-06 	 4.665274512054027e-14
63.1 	 2.8211799676309867e-06 	 4.4678302214255153e-14
63.83 	 2.7583057541709353e-06 	 4.281445017452739e-14
64.57 	 2.6950635930006346e-06 	 4.1011498076809855e-14
65.31 	 2.633195941762437e-06 	 3.931364050185685e-14
66.07 	 2.572741177104716e-06 	 3.7643805323119914e-14
66.83 	 2.512510686770193e-06 	 3.6053509804902935e-14
67.61 	 2.4548149247902255e-06 	 3.451109653836556e-14
68.39 	 2.398359925440552e-06 	 3.305894741203405e-14
69.18 	 2.3422471488151334e-06 	 3.1648034855276945e-14
69.98 	 2.288818516587286e-06 	 3.029911638041722e-14
70.79 	 2.2349063995487478e-06 	 2.900672904175028e-14
71.61 	 2.1827275102463404e-06 	 2.7758845335651997e-14
72.44 	 2.1318215728167528e-06 	 2.6562098638196913e-14
73.28 	 2.0817435973390465e-06 	 2.5421168454096447e-14
74.13 	 2.033308666530123e-06 	 2.432108220337412e-14
74.99 	 1.9860674801961835e-06 	 2.326700870177686e-14
75.86 	 1.938533895343518e-06 	 2.2258817539874217e-14
76.74 	 1.8936410177022428e-06 	 2.129168430859268e-14
77.62 	 1.8497074465083519e-06 	 2.038077376298268e-14
78.52 	 1.8060598950197224e-06 	 1.9490356856411998e-14
79.43 	 1.763156671584098e-06 	 1.8642417658133243e-14
80.35 	 1.7217391096502687e-06 	 1.782713814469259e-14
81.28 	 1.68102218505554e-06 	 1.7050858092780756e-14
82.22 	 1.6417238111070488e-06 	 1.630488360511537e-14
83.18 	 1.6028917506369528e-06 	 1.5587167428015144e-14
84.14 	 1.5652613329839497e-06 	 1.490829385272546e-14
85.11 	 1.528952197343134e-06 	 1.4256378348014722e-14
86.1 	 1.4930697656675014e-06 	 1.3629430076371643e-14
87.1 	 1.4574173385395702e-06 	 1.3028614162190859e-14
88.1 	 1.422886232960109e-06 	 1.2460406614952105e-14
89.13 	 1.3899474411491067e-06 	 1.1906196767095878e-14
90.16 	 1.3570667591690874e-06 	 1.1382805819680121e-14
91.2 	 1.3250683514426587e-06 	 1.0882982128486111e-14
92.26 	 1.2937871265652557e-06 	 1.040117424128892e-14
93.33 	 1.263348847097179e-06 	 9.941389000453207e-15
94.41 	 1.233729409258895e-06 	 9.502625526279047e-15
95.5 	 1.2049053657174564e-06 	 9.083925282722975e-15
96.61 	 1.1759291513519066e-06 	 8.681038975285552e-15
97.72 	 1.1486548615081083e-06 	 8.299927941894077e-15
98.86 	 1.1218815786727198e-06 	 7.929814992722276e-15
100.0 	 1.0954626277737311e-06 	 7.579195457120955e-15
101.2 	 1.068986856330655e-06 	 7.231527343176807e-15
102.3 	 1.0446307779222694e-06 	 6.929619675036298e-15
103.5 	 1.0197848232602958e-06 	 6.6185054909225756e-15
104.7 	 9.959620831648193e-07 	 6.323797384559905e-15
105.9 	 9.726543554516299e-07 	 6.046053638123343e-15
107.2 	 9.494119210670106e-07 	 5.761090377483277e-15
108.4 	 9.275539113127347e-07 	 5.513671217327811e-15
109.6 	 9.059972607414089e-07 	 5.278837639525223e-15
110.9 	 8.846667166276535e-07 	 5.038628116425434e-15
112.2 	 8.636641034788837e-07 	 4.811443618216133e-15
113.5 	 8.43664527721049e-07 	 4.5973361384778075e-15
114.8 	 8.239615759099871e-07 	 4.394579243510205e-15
116.1 	 8.04875266981491e-07 	 4.20286283520484e-15
117.5 	 7.857120669052728e-07 	 4.00780122649286e-15
118.9 	 7.671640299388391e-07 	 3.82391531517413e-15
120.2 	 7.496525654767904e-07 	 3.662981544645306e-15
121.6 	 7.319676763293719e-07 	 3.4982281078956828e-15
123.0 	 7.149439339526704e-07 	 3.3432348827488545e-15
124.5 	 6.977950323369627e-07 	 3.1858923368554614e-15
125.9 	 6.818351780170365e-07 	 3.0478899025275797e-15
127.4 	 6.655983339579097e-07 	 2.907887883774716e-15
128.8 	 6.503870567279386e-07 	 2.7844564749903263e-15
130.3 	 6.353018657752999e-07 	 2.6590820401278888e-15
131.8 	 6.205452088416015e-07 	 2.5409035495371927e-15
133.4 	 6.057955715805092e-07 	 2.421936296889525e-15
134.9 	 5.91821584685564e-07 	 2.3168969910631135e-15
136.5 	 5.77788739597828e-07 	 2.2106517531944506e-15
138.0 	 5.648094689524926e-07 	 2.1166978803929808e-15
139.6 	 5.515105464374189e-07 	 2.0218940567705504e-15
141.3 	 5.385587115220429e-07 	 1.926852056809321e-15
142.9 	 5.260900414710198e-07 	 1.8424918767345585e-15
144.5 	 5.141273470360148e-07 	 1.7625629659992513e-15
146.2 	 5.020734277462567e-07 	 1.682432416565849e-15
147.9 	 4.904013656880844e-07 	 1.6068012955090324e-15
149.6 	 4.790958259775819e-07 	 1.5353699025892178e-15
151.4 	 4.6768127118494543e-07 	 1.4638973796856049e-15
153.1 	 4.570806668415848e-07 	 1.4002714123540137e-15
154.9 	 4.462727212906342e-07 	 1.3366151276667799e-15
156.7 	 4.3604581475734365e-07 	 1.2765242516736155e-15
158.5 	 4.260024389679703e-07 	 1.219700955192791e-15
160.3 	 4.1617925387691315e-07 	 1.1660770315735258e-15
162.2 	 4.0641083217945346e-07 	 1.112618011893999e-15
164.1 	 3.9704098866611576e-07 	 1.062121893002282e-15
166.0 	 3.8776036620851265e-07 	 1.0144637026225328e-15
167.9 	 3.78887843782347e-07 	 9.694991182972272e-16
169.8 	 3.701786164482903e-07 	 9.269491707776805e-16
171.8 	 3.61558131545974e-07 	 8.847394950456307e-16
173.8 	 3.5318181956167334e-07 	 8.448148088039695e-16
175.8 	 3.4506863008144456e-07 	 8.071165127901645e-16
177.8 	 3.371350200524126e-07 	 7.715383157071309e-16
179.9 	 3.2926471276665473e-07 	 7.362587829676524e-16
182.0 	 3.2162023395925585e-07 	 7.029032894440487e-16
184.1 	 3.1423916797836465e-07 	 6.714801433537202e-16
186.2 	 3.0700058778259343e-07 	 6.417638490745889e-16
188.4 	 2.999128244687523e-07 	 6.123982858137936e-16
190.5 	 2.9311943230027453e-07 	 5.858958890033826e-16
192.8 	 2.8617646830410885e-07 	 5.585141584672688e-16
195.0 	 2.796590259806482e-07 	 5.337820926011801e-16
197.2 	 2.732856330882094e-07 	 5.104267441876854e-16
199.5 	 2.669580378873447e-07 	 4.873146383147014e-16
201.8 	 2.6084560424847256e-07 	 4.655348728536293e-16
204.2 	 2.5472996691488514e-07 	 4.440695618983862e-16
206.5 	 2.4899584386349744e-07 	 4.2466509929522043e-16
208.9 	 2.4320594459347154e-07 	 4.055325139676495e-16
211.3 	 2.3764707313446572e-07 	 3.8744938351828185e-16
213.8 	 2.321047241065213e-07 	 3.6968513235089477e-16
216.3 	 2.267839970584973e-07 	 3.5291339184870473e-16
218.8 	 2.215276594613872e-07 	 3.3708291063476986e-16
221.3 	 2.1649159595811287e-07 	 3.2214128533010536e-16
223.9 	 2.1146288099119132e-07 	 3.0745776189624785e-16
226.5 	 2.0659291570259015e-07 	 2.9360130716841306e-16
229.1 	 2.0187531567425589e-07 	 2.805166453885419e-16
231.7 	 1.9726493674450654e-07 	 2.68162124374778e-16
234.4 	 1.9275292423784994e-07 	 2.5603394934778254e-16
237.1 	 1.8834439601769565e-07 	 2.4459191464593916e-16
239.9 	 1.839514183592315e-07 	 2.3338504434739227e-16
242.7 	 1.7974100578690614e-07 	 2.2281944768040735e-16
245.5 	 1.7561972419438076e-07 	 2.1283855130540835e-16
248.3 	 1.7162681298849712e-07 	 2.0341024637183246e-16
251.2 	 1.676581599624397e-07 	 1.9419467332708378e-16
254.1 	 1.6380716089921693e-07 	 1.8548415487662627e-16
257.0 	 1.6008312172599846e-07 	 1.772668105659354e-16
260.0 	 1.563776880470408e-07 	 1.6923416798098502e-16
263.0 	 1.5282387317619062e-07 	 1.616557186885086e-16
266.1 	 1.4928974613893213e-07 	 1.542604958651474e-16
269.2 	 1.4586690545865306e-07 	 1.4728333349814436e-16
272.3 	 1.4252431162654265e-07 	 1.4070000750070768e-16
275.4 	 1.3928046358172388e-07 	 1.3447339682831975e-16
278.6 	 1.3609309122599605e-07 	 1.2840948095092707e-16
281.8 	 1.329756445747326e-07 	 1.2268050904318638e-16
285.1 	 1.2990960292128106e-07 	 1.171030342425489e-16
288.4 	 1.2693978049596327e-07 	 1.11838931679699e-16
291.7 	 1.2406232546812084e-07 	 1.0686730901730069e-16
295.1 	 1.212106008964561e-07 	 1.0203290764351148e-16
298.5 	 1.1842280713055503e-07 	 9.746659322027526e-17
302.0 	 1.1570824276811757e-07 	 9.303159415494163e-17
305.5 	 1.1305469087864466e-07 	 8.884405508370946e-17
309.0 	 1.1048391049693146e-07 	 8.488948539023129e-17
312.6 	 1.079580636795746e-07 	 8.104871172486227e-17
316.2 	 1.0549236120476155e-07 	 7.742437401198902e-17
319.9 	 1.030678853870741e-07 	 7.39048164158573e-17
323.6 	 1.0070182609044674e-07 	 7.058446892986693e-17
327.3 	 9.842948853777038e-08 	 6.744981415965438e-17
331.1 	 9.617855321368603e-08 	 6.440812948364875e-17
335.0 	 9.393481623979838e-08 	 6.146259064670082e-17
338.8 	 9.182317553510653e-08 	 5.875278145713848e-17
342.8 	 8.970850244353101e-08 	 5.606071961505773e-17
346.7 	 8.766837100754081e-08 	 5.358189747954577e-17
350.8 	 8.564240284131372e-08 	 5.1121823484443976e-17
354.8 	 8.370384868584987e-08 	 4.885636432296059e-17
358.9 	 8.180217001626172e-08 	 4.666296999983933e-17
363.1 	 7.990886631657516e-08 	 4.454222105889309e-17
367.3 	 7.808994449857655e-08 	 4.254128702844543e-17
371.5 	 7.631305147311973e-08 	 4.065079299595878e-17
375.8 	 7.457127292570515e-08 	 3.882280197022298e-17
380.2 	 7.286444893439605e-08 	 3.7057400643201176e-17
384.6 	 7.118626400670382e-08 	 3.5391235759847143e-17
389.0 	 6.958454125063625e-08 	 3.381764484663456e-17
393.6 	 6.797409876381128e-08 	 3.2264901594291906e-17
398.1 	 6.643114381778565e-08 	 3.0831218570506715e-17
402.7 	 6.490941054568538e-08 	 2.944745639270229e-17
407.4 	 6.342950875809476e-08 	 2.81124262901422e-17
412.1 	 6.197491103287873e-08 	 2.6852214309206822e-17
416.9 	 6.056180388009081e-08 	 2.5637565498395057e-17
421.7 	 5.9182255472967923e-08 	 2.4490494534355368e-17
426.6 	 5.783191307362331e-08 	 2.3384922984175995e-17
431.5 	 5.651378979712336e-08 	 2.234074976024098e-17
436.5 	 5.522491857590376e-08 	 2.1335201106069505e-17
441.6 	 5.3954648232677386e-08 	 2.036687844938077e-17
446.7 	 5.2724171636239356e-08 	 1.9452871914456405e-17
451.9 	 5.152049435479984e-08 	 1.857311698469265e-17
457.1 	 5.035427164072212e-08 	 1.7742536954993376e-17
462.4 	 4.9197846772056217e-08 	 1.694321201929093e-17
467.7 	 4.8085500095494935e-08 	 1.6188581463661834e-17
473.2 	 4.697981235318074e-08 	 1.54491768021646e-17
478.6 	 4.591838674457479e-08 	 1.47638410114448e-17
484.2 	 4.4857226539123026e-08 	 1.409278545474134e-17
489.8 	 4.3842882582487716e-08 	 1.3459421490762094e-17
495.5 	 4.283811640954729e-08 	 1.2850866552144489e-17
501.2 	 4.18647134499824e-08 	 1.2276319476361187e-17
507.0 	 4.090749402204853e-08 	 1.1724392938258759e-17
512.9 	 3.997168453755886e-08 	 1.119417522017099e-17
518.8 	 3.906561015912045e-08 	 1.069380752360191e-17
524.8 	 3.8174307611724286e-08 	 1.021319918647179e-17
530.9 	 3.7303669038539415e-08 	 9.751938387085983e-18
537.0 	 3.6460095758414406e-08 	 9.316425645437405e-18
543.3 	 3.561902405091445e-08 	 8.891852496395552e-18
549.5 	 3.481071893615745e-08 	 8.497374557184889e-18
555.9 	 3.401511840660593e-08 	 8.11284559582219e-18
562.3 	 3.324430225206682e-08 	 7.749823518961348e-18
568.9 	 3.248144292196193e-08 	 7.396535480706851e-18
575.4 	 3.1743287749163244e-08 	 7.068002570699287e-18
582.1 	 3.1017285543822185e-08 	 6.748226806571384e-18
588.8 	 3.031391202844352e-08 	 6.4463323850357986e-18
595.7 	 2.96180289680591e-08 	 6.152813761218876e-18
602.6 	 2.8944261263816817e-08 	 5.875905961177867e-18
609.5 	 2.828733448661172e-08 	 5.614358255161222e-18
616.6 	 2.7641728648047272e-08 	 5.360242004578561e-18
623.7 	 2.701269111096068e-08 	 5.120380510592549e-18
631.0 	 2.6394489879520587e-08 	 4.887512431562807e-18
638.3 	 2.5792260875863713e-08 	 4.6677678804066316e-18
645.7 	 2.520160776066562e-08 	 4.4575051240276014e-18
653.1 	 2.463251180950088e-08 	 4.258918685102501e-18
660.7 	 2.4067281872957413e-08 	 4.066342248717772e-18
668.3 	 2.3519715892829266e-08 	 3.88452839587161e-18
676.1 	 2.2982308870543676e-08 	 3.7083721360778845e-18
683.9 	 2.2461647135921342e-08 	 3.5420889871941e-18
691.8 	 2.1948229300348492e-08 	 3.383065976739969e-18
699.8 	 2.1450567557417674e-08 	 3.2310405177363852e-18
707.9 	 2.0962561076700706e-08 	 3.0856959184714324e-18
716.1 	 2.0484137502993046e-08 	 2.9467683750872032e-18
724.4 	 2.001799943481907e-08 	 2.814051821217178e-18
732.8 	 1.956111438995951e-08 	 2.687240149977425e-18
741.3 	 1.9115857858386886e-08 	 2.566106755674943e-18
749.9 	 1.8677299284025902e-08 	 2.4504152678338e-18
758.6 	 1.8254526147453515e-08 	 2.3399362232422007e-18
767.4 	 1.7838118947543176e-08 	 2.2344490246323595e-18
776.2 	 1.7430411854525582e-08 	 2.1348399392635714e-18
785.2 	 1.7035157585233824e-08 	 2.038641424399187e-18
794.3 	 1.664602662024985e-08 	 1.9468203641314113e-18
803.5 	 1.6266978887927095e-08 	 1.8591852744343764e-18
812.8 	 1.589773786152416e-08 	 1.7755521177111013e-18
822.2 	 1.5534359283624625e-08 	 1.695744082034754e-18
831.8 	 1.517863878092767e-08 	 1.618812230795481e-18
841.4 	 1.4834023315092094e-08 	 1.5461940553689006e-18
851.1 	 1.449673031429501e-08 	 1.4769152444581871e-18
861.0 	 1.4164906523213492e-08 	 1.4101558671781456e-18
871.0 	 1.3841842198315483e-08 	 1.3465077119386745e-18
881.0 	 1.3528821431985396e-08 	 1.2864103486887589e-18
891.3 	 1.3217990466789628e-08 	 1.2279741184152941e-18
901.6 	 1.2919810022748388e-08 	 1.1728185616840635e-18
912.0 	 1.2623752239173265e-08 	 1.1202339026943902e-18
922.6 	 1.2337003302995253e-08 	 1.0696355098622488e-18
933.3 	 1.2055171816007339e-08 	 1.0214240651979019e-18
944.1 	 1.1780863555821433e-08 	 9.754851283394403e-19
955.0 	 1.1512625271014961e-08 	 9.317134138593838e-19
966.1 	 1.1250312855649693e-08 	 8.896254750593239e-19
977.2 	 1.0994988101728804e-08 	 8.498907622750626e-19
988.6 	 1.0743163330067949e-08 	 8.113673573680129e-19
1000.0 	 1.0500297908851726e-08 	 7.749992035354233e-19
