0.001 	 9.657541868910466e-06 	 0.03613972864461377
0.001012 	 9.98393111171637e-06 	 0.036192128618751124
0.001023 	 1.032860362539913e-05 	 0.03636490246752271
0.001035 	 1.0671315622783036e-05 	 0.03637420354938517
0.001047 	 1.1021670388664035e-05 	 0.03636480606863005
0.001059 	 1.1390902508366866e-05 	 0.03653765173955423
0.001072 	 1.177117069098367e-05 	 0.03654960703160115
0.001084 	 1.2175982038032758e-05 	 0.036676204014072546
0.001096 	 1.2597838319885108e-05 	 0.03678126399431025
0.001109 	 1.3020773537731682e-05 	 0.0367331129845193
0.001122 	 1.3455606894296564e-05 	 0.03684678245709738
0.001135 	 1.3916216129567253e-05 	 0.03676374061805511
0.001148 	 1.4398206366048843e-05 	 0.037007868389458735
0.001161 	 1.4897352362124203e-05 	 0.037057770614654185
0.001175 	 1.5399971437151162e-05 	 0.0369628450384951
0.001189 	 1.591123298676183e-05 	 0.0370120707218205
0.001202 	 1.645124952405721e-05 	 0.03716398768205028
0.001216 	 1.698243059801887e-05 	 0.03717130320661814
0.00123 	 1.7524609687670593e-05 	 0.03716045865235062
0.001245 	 1.8079192218515686e-05 	 0.03715935374095443
0.001259 	 1.8693360291419717e-05 	 0.037258532788545615
0.001274 	 1.931072757388799e-05 	 0.037359135396178515
0.001288 	 1.995753213106968e-05 	 0.037417034948762584
0.001303 	 2.0599543180135985e-05 	 0.03747485161252977
0.001318 	 2.1273113985824154e-05 	 0.03751341507397433
0.001334 	 2.1960712385656897e-05 	 0.0375484046973861
0.001349 	 2.269389531220318e-05 	 0.03755078022835877
0.001365 	 2.3432450838294254e-05 	 0.03754857179199481
0.00138 	 2.4215505265092428e-05 	 0.037756698712412266
0.001396 	 2.500450788265997e-05 	 0.03771699551295619
0.001413 	 2.5811961032768343e-05 	 0.037782893538309596
0.001429 	 2.666993062182501e-05 	 0.03782280295378038
0.001445 	 2.7556645062127867e-05 	 0.03795403337426423
0.001462 	 2.8440579543272285e-05 	 0.03796010279578539
0.001479 	 2.937551946077592e-05 	 0.03795043162525896
0.001496 	 3.031635065548928e-05 	 0.03802489297393569
0.001514 	 3.129580538859738e-05 	 0.03798158286170757
0.001531 	 3.2326330004422316e-05 	 0.03811881751773967
0.001549 	 3.336509528692261e-05 	 0.03813699000507764
0.001567 	 3.443178998040171e-05 	 0.038137966192393916
0.001585 	 3.5551069985634996e-05 	 0.038214580043547226
0.001603 	 3.669584711401017e-05 	 0.0382723676751022
0.001622 	 3.789196308756565e-05 	 0.03830720929289478
0.001641 	 3.908512416895184e-05 	 0.038322283143785954
0.00166 	 4.034874923449148e-05 	 0.03832341574476177
0.001679 	 4.1607974118297795e-05 	 0.038387525331795305
0.001698 	 4.295850401585116e-05 	 0.0384378994874702
0.001718 	 4.43242537651403e-05 	 0.03845981523482625
0.001738 	 4.575196911418057e-05 	 0.03846727840394592
0.001758 	 4.719339797933294e-05 	 0.038531632763317385
0.001778 	 4.869370049633597e-05 	 0.03858056375298041
0.001799 	 5.020044619875315e-05 	 0.03859774855659509
0.00182 	 5.178391261070199e-05 	 0.03860196492967859
0.001841 	 5.344147693715964e-05 	 0.03859440255508963
0.001862 	 5.512707428806262e-05 	 0.038638229248452234
0.001884 	 5.685267108204623e-05 	 0.03865080905770611
0.001905 	 5.8654393249656815e-05 	 0.03873051089837293
0.001928 	 6.0417325800853866e-05 	 0.03863341951667065
0.00195 	 6.229546168989724e-05 	 0.038667583134547205
0.001972 	 6.42551861400072e-05 	 0.03869101244230194
0.001995 	 6.626059388743972e-05 	 0.03868345680440226
0.002018 	 6.834099886355589e-05 	 0.0387212325626789
0.002042 	 7.043943309966996e-05 	 0.038617006894764105
0.002065 	 7.260291456382854e-05 	 0.038683603279587774
0.002089 	 7.478014034601745e-05 	 0.03866311782991907
0.002113 	 7.704238716563284e-05 	 0.03863509194983012
0.002138 	 7.938764666889861e-05 	 0.038579566423803495
0.002163 	 8.181010229137083e-05 	 0.0385650161842981
0.002188 	 8.432563272280269e-05 	 0.03854400115533222
0.002213 	 8.691275222768903e-05 	 0.03851605815303325
0.002239 	 8.952909132112211e-05 	 0.038457223700199925
0.002265 	 9.215713488208714e-05 	 0.03843140719416545
0.002291 	 9.48672769900143e-05 	 0.038358150779657
0.002317 	 9.770939306077014e-05 	 0.03836748124408661
0.002344 	 0.00010063608542766516 	 0.03830917126777845
0.002371 	 0.00010366736746335562 	 0.03824963553194927
0.002399 	 0.00010675522906941516 	 0.038163530199065425
0.002427 	 0.00010992243023398162 	 0.03807590056249835
0.002455 	 0.00011318282928637327 	 0.03802435874702537
0.002483 	 0.00011648421298466081 	 0.03796801925497602
0.002512 	 0.00011976139728873805 	 0.03787977600760243
0.002541 	 0.00012320350427432898 	 0.03783101501999947
0.00257 	 0.00012682067241341852 	 0.03775653572856077
0.0026 	 0.00013051007076780361 	 0.037660100567642234
0.00263 	 0.00013433147297338527 	 0.037569900263411525
0.002661 	 0.0001382131578060044 	 0.03739911657820929
0.002692 	 0.00014220161937358983 	 0.03726592539273138
0.002723 	 0.00014627827044586398 	 0.03713885190382067
0.002754 	 0.00015046961474236438 	 0.03702051659616264
0.002786 	 0.0001548619096063167 	 0.03684382785890436
0.002818 	 0.00015944266500163032 	 0.0366862253546506
0.002851 	 0.00016400552761753278 	 0.036459364911485555
0.002884 	 0.0001686049187266047 	 0.03626648479225791
0.002917 	 0.00017337864416706744 	 0.0360702977187258
0.002951 	 0.00017812294174710287 	 0.035834775050367536
0.002985 	 0.00018289524580241225 	 0.035587954793503754
0.00302 	 0.00018776698886666798 	 0.03533884310074243
0.003055 	 0.00019252720984051756 	 0.03506907470279414
0.00309 	 0.0001974424879994699 	 0.034823166018931685
0.003126 	 0.00020270241633446557 	 0.03454000564439488
0.003162 	 0.00020809942763407076 	 0.03426415649702503
0.003199 	 0.00021368907769221077 	 0.03398307995537508
0.003236 	 0.00021915100554384157 	 0.03368915782674664
0.003273 	 0.0002248616177069852 	 0.03341628011467385
0.003311 	 0.0002306201100819915 	 0.03308140007160223
0.00335 	 0.00023654085788784362 	 0.032701651269068904
0.003388 	 0.0002427563044600654 	 0.032374388734102574
0.003428 	 0.0002488070885970222 	 0.031965331814387765
0.003467 	 0.0002551429938077778 	 0.03161157323825014
0.003508 	 0.00026142016431793063 	 0.031167651130493055
0.003548 	 0.0002679706212207002 	 0.03074454797041554
0.003589 	 0.0002746375284603136 	 0.03027733638650586
0.003631 	 0.0002812995829513433 	 0.029763683205643203
0.003673 	 0.00028814095523719386 	 0.029319924869400344
0.003715 	 0.0002951546027608809 	 0.028834339540261968
0.003758 	 0.00030225400551582343 	 0.02826674420504017
0.003802 	 0.0003093238613332069 	 0.02763294097924861
0.003846 	 0.0003166528168837612 	 0.026984998118065102
0.00389 	 0.00032402771618874433 	 0.0266727551299014
0.003935 	 0.00033156890117606446 	 0.026603492176533936
0.003981 	 0.00033905134911586316 	 0.02602531451715036
0.004027 	 0.0003466578470111197 	 0.025078636631037966
0.004074 	 0.0003542967014089695 	 0.023856913549656737
0.004121 	 0.00036204857037657444 	 0.022509666795722257
0.004169 	 0.0003697045903354565 	 0.020459068670475967
0.004217 	 0.00037754835676524805 	 0.018574700190449107
0.004266 	 0.0003852967764420397 	 0.017438644536974898
0.004315 	 0.00039303839580145906 	 0.01742173189078298
0.004365 	 0.0004006794647833498 	 0.018822882119748745
0.004416 	 0.00040863232074084683 	 0.020748506234377313
0.004467 	 1.843850061533982e-05 	 0.0024473104708788254
0.004519 	 1.8958714560524433e-05 	 0.000501413325225788
0.004571 	 1.951124184289682e-05 	 4.2249693637356e-05
0.004624 	 2.009068575158901e-05 	 0.0005304034612672365
0.004677 	 2.069147567958357e-05 	 0.0015658902161314193
0.004732 	 2.130385489913565e-05 	 0.0028422691409618925
0.004786 	 2.193158186944171e-05 	 0.004007635455806681
0.004842 	 2.254356818810221e-05 	 0.004799694271442467
0.004898 	 2.3182900909006958e-05 	 0.00549332529191388
0.004954 	 2.3848641097222292e-05 	 0.006070152864788406
0.005012 	 2.453820691564737e-05 	 0.006514052285583364
0.00507 	 2.5243887795788394e-05 	 0.006828200895520054
0.005129 	 2.596006638411471e-05 	 0.007013970758915822
0.005188 	 2.6691386869829682e-05 	 0.007204954365714257
0.005248 	 2.7432504645531124e-05 	 0.007553342825186342
0.005309 	 2.821288726539775e-05 	 0.007884254049259555
0.00537 	 2.9021032034253744e-05 	 0.008195651797418432
0.005433 	 2.984503813519412e-05 	 0.008482369857154662
0.005495 	 3.070021051766871e-05 	 0.00875913452279414
0.005559 	 3.157623587085721e-05 	 0.009007092576418825
0.005623 	 3.246858597008232e-05 	 0.009242586680102513
0.005689 	 3.3393613201879915e-05 	 0.009473838577726752
0.005754 	 3.4367123788946987e-05 	 0.009709742228459512
0.005821 	 3.53557880802077e-05 	 0.009923089469090601
0.005888 	 3.636355220904201e-05 	 0.010130837370162925
0.005957 	 3.738405032704519e-05 	 0.010319274685822262
0.006026 	 3.8421821743780975e-05 	 0.010495568851851508
0.006095 	 3.948298105293515e-05 	 0.010666711040185779
0.006166 	 4.053380711806616e-05 	 0.010815515328017552
0.006237 	 4.165222010349301e-05 	 0.010972318776234093
0.00631 	 4.283527185807086e-05 	 0.01112263856165124
0.006383 	 4.404247930930838e-05 	 0.011270704757979701
0.006457 	 4.52597298512795e-05 	 0.011409463001157763
0.006531 	 4.651193145858073e-05 	 0.011546101428120268
0.006607 	 4.781429212289511e-05 	 0.01167826761217486
0.006683 	 4.916037453877565e-05 	 0.011810922493456761
0.006761 	 5.0521743027124786e-05 	 0.011929803068610915
0.006839 	 5.1917824588848765e-05 	 0.012049011788278836
0.006918 	 5.3345634760274154e-05 	 0.012161470287063155
0.006998 	 5.482679658944742e-05 	 0.01227256386408993
0.007079 	 5.633588330499556e-05 	 0.012376680003727587
0.007161 	 5.7894101695819346e-05 	 0.01247903945953968
0.007244 	 5.94823212174019e-05 	 0.012579294838397728
0.007328 	 6.108214619399264e-05 	 0.012664846554693972
0.007413 	 6.274752701042175e-05 	 0.012746074529382
0.007499 	 6.447570869636874e-05 	 0.01283469038323297
0.007586 	 6.6263922126324e-05 	 0.012929932101747742
0.007674 	 6.810947789934794e-05 	 0.013031079072157075
0.007762 	 7.001856343896815e-05 	 0.013121952412769327
0.007852 	 7.191888213234297e-05 	 0.013189395187047138
0.007943 	 7.387033149014853e-05 	 0.013283863587253003
0.008035 	 7.59207288454185e-05 	 0.013361782054932549
0.008128 	 7.801589515653657e-05 	 0.013423568480472414
0.008222 	 8.015407868805471e-05 	 0.013510115963257284
0.008318 	 8.227374704993609e-05 	 0.013573438921965407
0.008414 	 8.453961365793334e-05 	 0.01364735226704701
0.008511 	 8.684058835309502e-05 	 0.013705366961058507
0.00861 	 8.921223847291962e-05 	 0.01377903988776683
0.00871 	 9.161378947209167e-05 	 0.013836707152632289
0.00881 	 9.410066643058731e-05 	 0.013903367366911447
0.008913 	 9.659180127026471e-05 	 0.013959417886013953
0.009016 	 9.920772268271711e-05 	 0.014006813809851896
0.00912 	 0.00010188900855278486 	 0.014073034251902445
0.009226 	 0.00010466490416066128 	 0.014118100743690668
0.009333 	 0.00010749894986437932 	 0.014180645209210937
0.009441 	 0.0001103877084545235 	 0.01422803045998852
0.00955 	 0.00011332881110927504 	 0.014276258134745399
0.009661 	 0.00011634984886191792 	 0.01431931567415978
0.009772 	 0.0001194711571420741 	 0.01438349353900324
0.009886 	 0.0001226515226917955 	 0.01442122300998525
0.01 	 0.00012600629817913802 	 0.014479375320181925
0.01012 	 0.00012933116834420815 	 0.014494102835912731
0.01023 	 0.00013290944299132658 	 0.014585179056330489
0.01035 	 0.00013640002577117532 	 0.0146234952151153
0.01047 	 0.0001399291284905991 	 0.014653273207959037
0.01059 	 0.0001436506482338049 	 0.014701097107158804
0.01072 	 0.00014738256767288474 	 0.014710634795104073
0.01084 	 0.00015135506087054042 	 0.014778955921525802
0.01096 	 0.00015550387408485726 	 0.014850849594252044
0.01109 	 0.00015960561534751004 	 0.014871947070917421
0.01122 	 0.00016379695370570744 	 0.01489665751464618
0.01135 	 0.00016814749944027538 	 0.014936193323176137
0.01148 	 0.00017272332708239514 	 0.014990007142614791
0.01161 	 0.0001774109141851357 	 0.015046053062806352
0.01175 	 0.00018205163917991906 	 0.01505283427179795
0.01189 	 0.00018679258577321585 	 0.015062501740023757
0.01202 	 0.00019179039632535598 	 0.015135014862930807
0.01216 	 0.00019669105640106725 	 0.015158676047425396
0.0123 	 0.00020164931023410266 	 0.015174662358924874
0.01245 	 0.00020666356594450122 	 0.015163376432407867
0.01259 	 0.00021218613909105657 	 0.01521314928118246
0.01274 	 0.0002176459523719914 	 0.01522490410423229
0.01288 	 0.00022341025875392205 	 0.015285656702698169
0.01303 	 0.00022909902878396018 	 0.015299885806660876
0.01318 	 0.00023500591821426516 	 0.015332658888391944
0.01334 	 0.00024094186759254484 	 0.015320583545331843
0.01349 	 0.00024726034377360465 	 0.015371877359487965
0.01365 	 0.0002535895250613675 	 0.015378435608966418
0.0138 	 0.0002602037515013889 	 0.015437942127709476
0.01396 	 0.00026681388033951593 	 0.015460573327322608
0.01413 	 0.00027349354500421063 	 0.015447647442110806
0.01429 	 0.00028059012835191254 	 0.015486506384807105
0.01445 	 0.0002877349211961062 	 0.015531507094163502
0.01462 	 0.00029514573900736845 	 0.015535326928553797
0.01479 	 0.00030267170657282175 	 0.015552619637325411
0.01496 	 0.00031058334510979845 	 0.015577633034769797
0.01514 	 0.0003183867456467106 	 0.01557346484936468
0.01531 	 0.0003264959537450922 	 0.015615951020283193
0.01549 	 0.00033474933467282007 	 0.015618302690418173
0.01567 	 0.00034334821447102535 	 0.015639364561174148
0.01585 	 0.0003520199157414152 	 0.015664960121909554
0.01603 	 0.0003610192781574025 	 0.015696287067877596
0.01622 	 0.00036985448968459086 	 0.015698278265349523
0.01641 	 0.00037924758306544064 	 0.015707395870002968
0.0166 	 0.0003886833954217371 	 0.015720382531045154
0.01679 	 0.00039840643616347206 	 0.015738416823635623
0.01698 	 0.00040840759404381843 	 0.015761221450750235
0.01718 	 0.0004186767153998373 	 0.01576298079582019
0.01738 	 0.00042919510402956074 	 0.015769284258131937
0.01758 	 0.0004399558073057337 	 0.015784538932103118
0.01778 	 0.0004509501875882075 	 0.01580363943285241
0.01799 	 0.0004619161800488175 	 0.015800105991388685
0.0182 	 0.00047309607406838744 	 0.01580468388473027
0.01841 	 0.0004849335447077102 	 0.01582375471355013
0.01862 	 0.0004971830342909984 	 0.015846881735902704
0.01884 	 0.0005093422812453409 	 0.01584295132517998
0.01905 	 0.0005219420738342894 	 0.01587526145402145
0.01928 	 0.0005348036409670309 	 0.015859171032851095
0.0195 	 0.0005482939952784865 	 0.015879667697416392
0.01972 	 0.0005621292592910406 	 0.015907002554984475
0.01995 	 0.0005758019861449459 	 0.01590761971387984
0.02018 	 0.0005897942926519855 	 0.01591147193710216
0.02042 	 0.0006038013660482894 	 0.01589068045680384
0.02065 	 0.000618400163225189 	 0.015904175889020936
0.02089 	 0.0006333887282473755 	 0.015905312114892853
0.02113 	 0.0006488416991868609 	 0.015916548689113425
0.02138 	 0.0006642364626052515 	 0.015900122851443186
0.02163 	 0.0006800619347933531 	 0.015890587562326274
0.02188 	 0.0006964943405628222 	 0.01588870868393689
0.02213 	 0.00071332727376977 	 0.015895866452721077
0.02239 	 0.0007304065852847217 	 0.01588142815949622
0.02265 	 0.0007478482835685224 	 0.01587298727888242
0.02291 	 0.0007660072097641891 	 0.01587777316734128
0.02317 	 0.0007843140403253233 	 0.015878697053027607
0.02344 	 0.0008029684461714205 	 0.0158777496885462
0.02371 	 0.0008220941651847915 	 0.015875010753065744
0.02399 	 0.0008413251209465367 	 0.015844297508653144
0.02427 	 0.0008611740192667644 	 0.01583765884048017
0.02455 	 0.0008816083103621306 	 0.015830418269635306
0.02483 	 0.0009026090725118201 	 0.01582279300632235
0.02512 	 0.0009239693228561647 	 0.015812762213652097
0.02541 	 0.0009460126707627537 	 0.015803220320519278
0.0257 	 0.0009684030763412221 	 0.015813243430009137
0.026 	 0.0009908856512648133 	 0.015777466230886956
0.0263 	 0.0010140008073480876 	 0.015763154308355745
0.02661 	 0.0010373380468220788 	 0.0157452259641091
0.02692 	 0.0010612360813382052 	 0.015708998058603235
0.02723 	 0.001085544790281462 	 0.015691769178321664
0.02754 	 0.0011106980846544783 	 0.015677191945112266
0.02786 	 0.001136110408322998 	 0.01564195178080227
0.02818 	 0.0011621695890769597 	 0.015626102051445403
0.02851 	 0.0011885757519227236 	 0.01559091696850359
0.02884 	 0.0012157035265347176 	 0.01554290041739858
0.02917 	 0.0012435488110396397 	 0.015514545292166771
0.02951 	 0.0012716574680221562 	 0.015483602204380486
0.02985 	 0.0013006962549562103 	 0.015442622375646402
0.0302 	 0.0013299244087074148 	 0.015385042578120772
0.03055 	 0.001359608766612934 	 0.0153170626337979
0.0309 	 0.001389612753868447 	 0.015266060782787928
0.03126 	 0.0014198733417556712 	 0.015200713496205285
0.03162 	 0.0014521525880590825 	 0.015136335876785386
0.03199 	 0.001483274603154751 	 0.015051149237804526
0.03236 	 0.0015150323231823656 	 0.014972642761448033
0.03273 	 0.0015474022344513826 	 0.014877344191938612
0.03311 	 0.0015798995784609964 	 0.014771883285242404
0.0335 	 0.0016124922873752357 	 0.01463515402483812
0.03388 	 0.0016461283106423803 	 0.014504264221206088
0.03428 	 0.001679340627705 	 0.014329569685179665
0.03467 	 0.001713578743245363 	 0.01420330479014347
0.03508 	 0.001746124088502585 	 0.013990573264908027
0.03548 	 0.001782125641023661 	 0.013686243845444198
0.03589 	 0.0018228638379470434 	 0.013144014305232968
0.03631 	 0.0018360927323996662 	 0.012478348775434368
0.03673 	 0.001784540760813507 	 0.011595605339328345
0.03715 	 0.0016949377367040084 	 0.01076011553399004
0.03758 	 0.0015945368076114722 	 0.010078275970391161
0.03802 	 0.0015355392467226376 	 0.009891378328666541
0.03846 	 0.0014921670163857835 	 0.009908845662431848
0.0389 	 0.0014626625260315412 	 0.01006324022107548
0.03935 	 0.0014440009649578965 	 0.010257080087461727
0.03981 	 0.0014346446883068565 	 0.010520502285867454
0.04027 	 0.0014335470878273733 	 0.010827503823350931
0.04074 	 0.0014388932855712159 	 0.011180172867341314
0.04121 	 0.0014537466429813007 	 0.01161169786428789
0.04169 	 0.0014696529720582738 	 0.012169647726114593
0.04217 	 0.0014992487624585745 	 0.012793788861238189
0.04266 	 0.001544623929015721 	 0.013461222227897283
0.04315 	 0.0016302656435517816 	 0.01414409671729242
0.04365 	 0.001729859938003818 	 0.014809488511700677
0.04416 	 0.0018352032752869329 	 0.015450606582548865
0.04467 	 0.0019151662022632407 	 0.015987241167521187
0.04519 	 0.0019892135533801153 	 0.0164751137489269
0.04571 	 0.0020667680664297585 	 0.016951141126192563
0.04624 	 0.0021673996084930736 	 0.01749924551603028
0.04677 	 0.002284985947869768 	 0.018107420665574525
0.04732 	 0.0024082454610292025 	 0.018706056873078795
0.04786 	 0.0025316263069422315 	 0.01929938254440869
0.04842 	 0.002645801840803865 	 0.019779290949470212
0.04898 	 0.002763888140382779 	 0.02027513340603328
0.04955 	 0.0028842118407243532 	 0.020751625791673733
0.05012 	 0.0030168591228019984 	 0.021308515537209777
0.0507 	 0.0031557782101291326 	 0.02187701158777736
0.05129 	 0.0033004365179882533 	 0.02246154750303733
0.05188 	 0.003451933943565323 	 0.023090222703924274
0.05248 	 0.0036095983873752047 	 0.023738330283633792
0.05309 	 0.003775767480720405 	 0.02440762897863599
0.0537 	 0.0039518226078693475 	 0.025127568557297995
0.05432 	 0.00414131722310476 	 0.02591030352723518
0.05495 	 0.004344437969146575 	 0.02672658532837865
0.05559 	 0.004560631856017701 	 0.02758416551168129
0.05623 	 0.004790892395122589 	 0.028493602202439804
0.05689 	 0.0050391017575639 	 0.029462030971372306
0.05754 	 0.005301246276056 	 0.030465755846921176
0.05821 	 0.005573025784853595 	 0.03143366129894324
0.05888 	 0.005854573488095062 	 0.0323850976364624
0.05957 	 0.006136060733881336 	 0.03306797170251771
0.06026 	 0.006415220533770877 	 0.03368171987237208
0.06095 	 0.006693299112459578 	 0.03430514118567453
0.06166 	 0.006965450515775208 	 0.034861643562531894
0.06237 	 0.007215287502478779 	 0.035457077696572414
0.0631 	 0.007461833614673679 	 0.03614859584228866
0.06383 	 0.007730336429774427 	 0.03697843276821538
0.06457 	 0.008015740449929531 	 0.03789114068691511
0.06531 	 0.00832782623377642 	 0.03897495870487029
0.06607 	 0.008732995597725257 	 0.04054742584133861
0.06683 	 0.009128275786842149 	 0.04201554529065851
0.06761 	 0.009498767492029521 	 0.043292920011177356
0.06839 	 0.009825357256522308 	 0.04431173458356205
0.06918 	 0.010074488515497478 	 0.04485123831767116
0.06998 	 0.010176535183719457 	 0.044374891748803505
0.07079 	 0.010227071142036985 	 0.043721603974901914
0.07161 	 0.0102177334909018 	 0.042865020279409916
0.07244 	 0.010135699135611683 	 0.04172109947080679
0.07328 	 0.010043826632872354 	 0.040818296754340934
0.07413 	 0.009931578300530744 	 0.04010523234150231
0.07499 	 0.009711100604956087 	 0.03884200751716023
0.07586 	 0.009411713805090175 	 0.0373314010956544
0.07674 	 0.009033069800054703 	 0.035454763392392966
0.07762 	 0.008587063609452385 	 0.03340487716744695
0.07852 	 0.008011357775176458 	 0.03096686055970463
0.07943 	 0.007435186849808891 	 0.028411583921872555
0.08035 	 0.006883339506793423 	 0.025887214735977014
0.08128 	 0.006366967275792266 	 0.023503648105132943
0.08222 	 0.005890623861795046 	 0.021275686535692565
0.08318 	 0.005470975979358394 	 0.019117475929916593
0.08414 	 0.005107932399617467 	 0.017066265077609756
0.08511 	 0.004774980214683713 	 0.015203375370428436
0.0861 	 0.004465509525256387 	 0.013518556742705863
0.0871 	 0.004172987977229607 	 0.011983605006696426
0.0881 	 0.003893474668568365 	 0.010612611174084352
0.08913 	 0.0036800094475374543 	 0.009675941684373255
0.09016 	 0.003539694486598932 	 0.009137205091516484
0.0912 	 0.003424471496301412 	 0.008708723251147731
0.09226 	 0.0032427021296754727 	 0.008199754409189235
0.09333 	 0.003044563420660161 	 0.007686924235288295
0.09441 	 0.002834641532293005 	 0.007145587791466856
0.0955 	 0.0026270309671833423 	 0.006598698833442963
0.09661 	 0.0024302748799345684 	 0.0060596952428282795
0.09772 	 0.002244322747906233 	 0.005558622972963846
0.09886 	 0.0020696854174096753 	 0.005096055531170356
0.1 	 0.0019058608693144341 	 0.004674020787693091
0.1012 	 0.0017406022052414776 	 0.004269840331036365
0.1023 	 0.00158544068197722 	 0.0039018006694978053
0.1035 	 0.0014251626241534407 	 0.003519617723556372
0.1047 	 0.0012759239256915993 	 0.0031589642637326848
0.1059 	 0.001147556286432684 	 0.0028098087064292337
0.1072 	 0.0010393343690086238 	 0.002486435010621452
0.1084 	 0.0009585320570040478 	 0.0022177908737032745
0.1096 	 0.0009025141061712618 	 0.001991708313336719
0.1109 	 0.0008571839649816958 	 0.001787432382822302
0.1122 	 0.0008137962363562604 	 0.001608198511946082
0.1135 	 0.0007739572876791246 	 0.0014519339177426847
0.1148 	 0.000739652594430039 	 0.0013134681325802137
0.1161 	 0.000708001087432065 	 0.0011896414264789216
0.1175 	 0.0006785563071279153 	 0.001074787872739534
0.1189 	 0.0006498018722352052 	 0.0009712331974764087
0.1202 	 0.0006221678321016601 	 0.0008797036935406366
0.1216 	 0.000595767730432421 	 0.0007937785132031098
0.123 	 0.0005721816775817132 	 0.0007149796576333056
0.1245 	 0.000550772219587602 	 0.0006408812365082798
0.1259 	 0.0005320909747434115 	 0.0005749209426620238
0.1274 	 0.0005156147972547267 	 0.000512669718066789
0.1288 	 0.0005024870430262733 	 0.00045719344380656485
0.1303 	 0.0004929486703181897 	 0.0004055318811787414
0.1318 	 0.0004883913067436742 	 0.000359102415428998
0.1334 	 0.0004879332798934411 	 0.0003166533855643438
0.1349 	 0.0004903898701850961 	 0.00027984098246375564
0.1365 	 0.0004954765026826951 	 0.00024632820386914745
0.138 	 0.000503738808428733 	 0.00021743886936767814
0.1396 	 0.0005142525723793649 	 0.0001912134240196851
0.1413 	 0.0005270115568083722 	 0.0001674206409841179
0.1429 	 0.0005435828750294629 	 0.00014722606132475002
0.1445 	 0.0005641213360647594 	 0.00012971000166558645
0.1462 	 0.0005886393528545457 	 0.00011466267320068439
0.1479 	 0.000618475383617784 	 0.00010276550838513254
0.1496 	 0.0006512214033684755 	 9.35206747458174e-05
0.1514 	 0.0006860494508697722 	 8.632380983533083e-05
0.1531 	 0.0007230470997025166 	 8.106300918020123e-05
0.1549 	 0.0007610061507213872 	 7.716363185829495e-05
0.1567 	 0.0007990772050067907 	 7.445031578127047e-05
0.1585 	 0.0008392357914300481 	 7.315032752482852e-05
0.1603 	 0.0008818607661585084 	 7.32325262853206e-05
0.1622 	 0.000930103729515478 	 7.498488607044502e-05
0.1641 	 0.0009838813547408995 	 7.86013758343481e-05
0.166 	 0.00104374681876687 	 8.417892106845128e-05
0.1679 	 0.0011121385852739364 	 9.219380298403067e-05
0.1698 	 0.001188153200530311 	 0.00010254997070894272
0.1718 	 0.0012700189482760056 	 0.00011485836878449875
0.1738 	 0.001360595422536004 	 0.00012975478163725085
0.1758 	 0.001461314713690124 	 0.00014752366287547515
0.1778 	 0.001572620719250173 	 0.0001683530638685617
0.1799 	 0.0016953900959245534 	 0.00019233165693647615
0.182 	 0.0018336410263295247 	 0.00022075920354241286
0.1841 	 0.001986890828948964 	 0.0002536985886578853
0.1862 	 0.00215614082127691 	 0.00029168140438627654
0.1884 	 0.0023421430535839663 	 0.000334864766314489
0.1905 	 0.002546769358235129 	 0.00038477205271547204
0.1928 	 0.002759719830672692 	 0.00043731546175262975
0.195 	 0.002985626118166167 	 0.0004960627135992614
0.1972 	 0.0032185721569226206 	 0.0005597742920908855
0.1995 	 0.0034469878963410017 	 0.0006252711244500196
0.2018 	 0.0036649901157725004 	 0.0006927157373334043
0.2042 	 0.0038525500472841594 	 0.0007557348137067767
0.2065 	 0.003999033626456285 	 0.00081331071333098
0.2089 	 0.004092153095014668 	 0.0008608124132792648
0.2113 	 0.004122148903403575 	 0.0008969906357086564
0.2138 	 0.004078156926569158 	 0.0009168441814785347
0.2163 	 0.003948034239103562 	 0.0009202700338710423
0.2188 	 0.0037260343377038072 	 0.0008959819343524307
0.2213 	 0.003438699996571205 	 0.0008457992265953404
0.2239 	 0.0031328437604024183 	 0.000781744230136877
0.2265 	 0.00284634774865401 	 0.0007198567085970963
0.2291 	 0.0025814324371713905 	 0.0006615766294600217
0.2317 	 0.00232942841492681 	 0.0006046509996848547
0.2344 	 0.0020893026510650876 	 0.0005481926427745127
0.2371 	 0.001866274486781749 	 0.0004945934956150355
0.2399 	 0.0016694674975980587 	 0.00044373728606306965
0.2427 	 0.0015016074879441778 	 0.00039736427769154563
0.2455 	 0.0013637645659900462 	 0.0003574628232338969
0.2483 	 0.001248071436322737 	 0.0003229854291148057
0.2512 	 0.0011482781428817387 	 0.00029256466372985324
0.2541 	 0.0010631042592479407 	 0.00026597582153056396
0.257 	 0.00099021122134494 	 0.00024262678605855794
0.26 	 0.0009220252412234502 	 0.000221003504080073
0.263 	 0.0008617306281499833 	 0.00020190310811443821
0.2661 	 0.0008097509047007464 	 0.00018502921104309865
0.2692 	 0.0007654068210490775 	 0.00017012213606337404
0.2723 	 0.0007259527704210067 	 0.00015687182570848265
0.2754 	 0.0006929723525672923 	 0.00014503434168527848
0.2786 	 0.0006659475127690289 	 0.0001342822245522683
0.2818 	 0.0006423552786843883 	 0.00012448414102679924
0.2851 	 0.0006211100065323009 	 0.00011524401476288694
0.2884 	 0.0006031914322797306 	 0.0001074922835809537
0.2917 	 0.0005860875710154377 	 0.00010044090312901304
0.2951 	 0.0005696600452849121 	 9.401443011061138e-05
0.2985 	 0.0005539754912281789 	 8.812195401576413e-05
0.302 	 0.0005391008381185952 	 8.266347368209773e-05
0.3055 	 0.000525356390606239 	 7.767507146427003e-05
0.309 	 0.000512463044895578 	 7.306844804165227e-05
0.3126 	 0.0005008818674567161 	 6.87566269479752e-05
0.3162 	 0.0004898042195175899 	 6.479593268670244e-05
0.3199 	 0.0004794477676610398 	 6.103934343061942e-05
0.3236 	 0.00047028712884740584 	 5.759284282064243e-05
0.3273 	 0.0004614075538861123 	 5.441046884571682e-05
0.3311 	 0.00045335734447531274 	 5.143397887953982e-05
0.335 	 0.00044526989155610285 	 4.863947964466941e-05
0.3388 	 0.0004380324494347863 	 4.61148125959005e-05
0.3428 	 0.0004309269498298452 	 4.365831700494912e-05
0.3467 	 0.00042414458087274346 	 4.1448789858747425e-05
0.3508 	 0.0004173016030593022 	 3.931070610051206e-05
0.3548 	 0.00041072912415353135 	 3.73594038403513e-05
0.3589 	 0.00040453694434888 	 3.551195628341349e-05
0.3631 	 0.00039811871585564276 	 3.374827769549899e-05
0.3673 	 0.000391879300394676 	 3.210204879817345e-05
0.3715 	 0.0003857588325558438 	 3.055231352938523e-05
0.3758 	 0.0003793852484302504 	 2.9061054486290217e-05
0.3802 	 0.0003729049951832381 	 2.764974796670834e-05
0.3846 	 0.0003668235823023963 	 2.6321958569105606e-05
0.389 	 0.00036119148812097795 	 2.5081466680245127e-05
0.3936 	 0.0003552453821319802 	 2.3863303458221962e-05
0.3981 	 0.00034958661294589644 	 2.2748841550618433e-05
0.4027 	 0.00034396597439947436 	 2.1676339668782295e-05
0.4074 	 0.0003383864235552483 	 2.0645256334573572e-05
0.4121 	 0.00033323693899335995 	 1.968153731110946e-05
0.4169 	 0.000327890474402755 	 1.875496138709797e-05
0.4217 	 0.00032289428542856344 	 1.7881553354160413e-05
0.4266 	 0.0003177788890376716 	 1.704871283841696e-05
0.4315 	 0.00031278142388285534 	 1.6263475831187874e-05
0.4365 	 0.00030804564971571977 	 1.5508127415812088e-05
0.4416 	 0.0003032032878528516 	 1.4788365124932328e-05
0.4467 	 0.0002986861218433953 	 1.41093989730073e-05
0.4519 	 0.00029427624939612615 	 1.3461977936002936e-05
0.4571 	 0.000289968957817457 	 1.2851158621760068e-05
0.4624 	 0.0002857669837897311 	 1.2268545387120856e-05
0.4677 	 0.00028146374793608386 	 1.1718862550807148e-05
0.4732 	 0.0002773399817786978 	 1.11804094071084e-05
0.4786 	 0.0002734366663346433 	 1.0685459830716415e-05
0.4842 	 0.00026951177881399794 	 1.0200775162155177e-05
0.4898 	 0.00026567929398644234 	 9.743309226370109e-06
0.4955 	 0.00026188320413764627 	 9.303732806466333e-06
0.5012 	 0.0002582387858880641 	 8.892014535044801e-06
0.507 	 0.00025456656927237714 	 8.493059836499518e-06
0.5129 	 0.00025105307732871087 	 8.115926456366958e-06
0.5188 	 0.0002475613049675215 	 7.756770871111005e-06
0.5248 	 0.0002441628558841087 	 7.414402183436021e-06
0.5309 	 0.00024062888271528108 	 7.085699638514979e-06
0.537 	 0.000237401213106542 	 6.777376070292489e-06
0.5433 	 0.0002339971452881186 	 6.476419512739646e-06
0.5495 	 0.00023071523929193408 	 6.1966224781671735e-06
0.5559 	 0.00022742682814927312 	 5.923360308619235e-06
0.5623 	 0.00022426792851879682 	 5.667122743114376e-06
0.5689 	 0.00022110346698751731 	 5.417097988930656e-06
0.5754 	 0.0002180505687705475 	 5.184440282578748e-06
0.5821 	 0.0002150421372510835 	 4.959166493706171e-06
0.5888 	 0.0002119557462180249 	 4.746249721983493e-06
0.5957 	 0.00020901389906792666 	 4.538542117639997e-06
0.6026 	 0.000205997738326093 	 4.342298291140292e-06
0.6095 	 0.0002032348540565164 	 4.1579700373747175e-06
0.6166 	 0.00020028727149791614 	 3.977017148087804e-06
0.6237 	 0.0001974501825141063 	 3.80717592316779e-06
0.631 	 0.00019461536908757399 	 3.6417855620400477e-06
0.6383 	 0.00019188521161567866 	 3.486529981385999e-06
0.6457 	 0.0001891478264458772 	 3.3363976157652425e-06
0.6531 	 0.00018651010798516324 	 3.1953879550509257e-06
0.6607 	 0.00018387475390071954 	 3.0581326584172947e-06
0.6683 	 0.0001810546560613407 	 2.9283475519650325e-06
0.6761 	 0.0001783668019951903 	 2.8020866096018028e-06
0.6839 	 0.00017574074062969228 	 2.682631831376856e-06
0.6918 	 0.00017306594188147282 	 2.5688948240145427e-06
0.6998 	 0.00017039702720776496 	 2.459019551532254e-06
0.7079 	 0.00016779675724031015 	 2.354406815608339e-06
0.7161 	 0.000165233071406016 	 2.254097551095409e-06
0.7244 	 0.00016259877587580898 	 2.1579584559041053e-06
0.7328 	 0.00016010983484898185 	 2.065794235279059e-06
0.7413 	 0.00015752781542796517 	 1.9769135409074087e-06
0.7499 	 0.0001550125798073881 	 1.8923492610610867e-06
0.7586 	 0.0001524620859761737 	 1.8118820587941915e-06
0.7674 	 0.00015002646639650048 	 1.734274609020792e-06
0.7762 	 0.00014755337512765106 	 1.6608256111068798e-06
0.7852 	 0.00014519615747758642 	 1.5896297601627472e-06
0.7943 	 0.00014278537153186873 	 1.5214829272195206e-06
0.8035 	 0.00014041572935169337 	 1.4562552154997492e-06
0.8128 	 0.00013810644911190916 	 1.394207947805117e-06
0.8222 	 0.00013573080225447404 	 1.3344538815711562e-06
0.8318 	 0.00013346647577908068 	 1.276661382263453e-06
0.8414 	 0.00013119281049751784 	 1.2223128235446286e-06
0.8511 	 0.00012894263468762098 	 1.1699944802032385e-06
0.861 	 0.0001268145874611478 	 1.1197136647536995e-06
0.871 	 0.0001246300468906855 	 1.0713626465061982e-06
0.881 	 0.0001225001471684345 	 1.0256135155851318e-06
0.8913 	 0.00012039728840864781 	 9.812210473023489e-07
0.9016 	 0.00011825959694447824 	 9.389911961752896e-07
0.912 	 0.0001162349158784162 	 8.986321678663208e-07
0.9226 	 0.00011416607851589559 	 8.596873355200203e-07
0.9333 	 0.0001121382073852688 	 8.224920123792271e-07
0.9441 	 0.00011022973669318815 	 7.871537219729305e-07
0.955 	 0.00010827958170415475 	 7.532146009706882e-07
0.9661 	 0.00010635707579986595 	 7.205008445854226e-07
0.9772 	 0.00010440994889958492 	 6.89398135621934e-07
0.9886 	 0.00010255474587920551 	 6.593158447263634e-07
1.0 	 0.00010074715942893883 	 6.308677669672798e-07
1.012 	 9.892684864031156e-05 	 6.025169178642715e-07
1.023 	 9.719182299752953e-05 	 5.780044943125094e-07
1.035 	 9.546380821191688e-05 	 5.525948230783977e-07
1.047 	 9.378030840966951e-05 	 5.285754032131822e-07
1.059 	 9.207704608350247e-05 	 5.057478617876679e-07
1.072 	 9.039500148862328e-05 	 4.824447623771596e-07
1.084 	 8.878819963255954e-05 	 4.621771755821205e-07
1.096 	 8.727257882330956e-05 	 4.4297085712028804e-07
1.109 	 8.570905933669752e-05 	 4.2314333260958095e-07
1.122 	 8.414563788524039e-05 	 4.0449858665501985e-07
1.135 	 8.267051384675111e-05 	 3.868771234739273e-07
1.148 	 8.122587795728768e-05 	 3.7013891388494564e-07
1.161 	 7.982480801884637e-05 	 3.5436972348420344e-07
1.175 	 7.83919764948676e-05 	 3.382824725392274e-07
1.189 	 7.703384713376897e-05 	 3.2304372212984815e-07
1.202 	 7.573720364880262e-05 	 3.097434676262775e-07
1.216 	 7.441081284532198e-05 	 2.961485762328876e-07
1.23 	 7.315334265117959e-05 	 2.8324524305954917e-07
1.245 	 7.183511008822661e-05 	 2.702190918683764e-07
1.259 	 7.060782283403684e-05 	 2.5875801924932334e-07
1.274 	 6.936172869437176e-05 	 2.4716795350798016e-07
1.288 	 6.816311941421592e-05 	 2.3695679876607362e-07
1.303 	 6.698422967030981e-05 	 2.2661376219971756e-07
1.318 	 6.579432473605959e-05 	 2.1679410080361488e-07
1.334 	 6.461711778930879e-05 	 2.0684805942300018e-07
1.349 	 6.348783470432668e-05 	 1.9808736270744587e-07
1.365 	 6.234119446448708e-05 	 1.8923254698126057e-07
1.38 	 6.129793143526338e-05 	 1.8136577428228068e-07
1.396 	 6.0204535511097456e-05 	 1.7340712062977267e-07
1.413 	 5.910127298284172e-05 	 1.6543995378548308e-07
1.429 	 5.806448547314345e-05 	 1.583449943173245e-07
1.445 	 5.70842867591356e-05 	 1.5162907338232903e-07
1.462 	 5.606353315125068e-05 	 1.4489198454506003e-07
1.479 	 5.509508557976927e-05 	 1.3850634878220547e-07
1.496 	 5.4151223127065574e-05 	 1.3247043461876377e-07
1.514 	 5.3198930526450335e-05 	 1.2644587727532623e-07
1.531 	 5.230259298479742e-05 	 1.2105948679964205e-07
1.549 	 5.1424668037629135e-05 	 1.1567687624888207e-07
1.567 	 5.054510840150245e-05 	 1.1060718498679693e-07
1.585 	 4.968753734406821e-05 	 1.0581363169636823e-07
1.603 	 4.885120294998218e-05 	 1.012782856390207e-07
1.622 	 4.8008038035359034e-05 	 9.67592980291922e-08
1.641 	 4.718398262919294e-05 	 9.247791215982149e-08
1.66 	 4.638270428532607e-05 	 8.84441485478942e-08
1.679 	 4.55762525997221e-05 	 8.461683820983194e-08
1.698 	 4.4791938292699104e-05 	 8.100627011176607e-08
1.718 	 4.39996905458444e-05 	 7.739627828685171e-08
1.738 	 4.3229490096037025e-05 	 7.399588979794758e-08
1.758 	 4.24788024309754e-05 	 7.078107142652333e-08
1.778 	 4.174549843885474e-05 	 6.773097997290292e-08
1.799 	 4.100774876347423e-05 	 6.470010058684929e-08
1.82 	 4.029033940640454e-05 	 6.18454707562528e-08
1.841 	 3.95899133627315e-05 	 5.9139841303358886e-08
1.862 	 3.890837679379196e-05 	 5.658822986703734e-08
1.884 	 3.822352039702425e-05 	 5.405843149868382e-08
1.905 	 3.7575932660078764e-05 	 5.177762980932126e-08
1.928 	 3.6905856889869316e-05 	 4.941080978555001e-08
1.95 	 3.627185132642863e-05 	 4.727512829418102e-08
1.972 	 3.5654451439085076e-05 	 4.5259398111551145e-08
1.995 	 3.503387447422329e-05 	 4.325853588891563e-08
2.018 	 3.442971649664421e-05 	 4.137224368982694e-08
2.042 	 3.382406068915221e-05 	 3.9510589608913365e-08
2.065 	 3.324944510252619e-05 	 3.7821847640127184e-08
2.089 	 3.267385401795164e-05 	 3.6157444744633096e-08
2.113 	 3.211316696894501e-05 	 3.458777043023792e-08
2.138 	 3.153653832305685e-05 	 3.3036890869483825e-08
2.163 	 3.09891991612092e-05 	 3.157261984735652e-08
2.188 	 3.0441664016706863e-05 	 3.018859575944424e-08
2.213 	 2.9908324610509014e-05 	 2.888290121882704e-08
2.239 	 2.9388240657110993e-05 	 2.759249385491998e-08
2.265 	 2.886862390251533e-05 	 2.63787712744364e-08
2.291 	 2.836208853713283e-05 	 2.522873741908887e-08
2.317 	 2.7881026756737833e-05 	 2.414360434345143e-08
2.344 	 2.7387714877211837e-05 	 2.3074444497552945e-08
2.371 	 2.6919078599859315e-05 	 2.2066433150276175e-08
2.399 	 2.6439238340921352e-05 	 2.107970586362086e-08
2.427 	 2.5971754181603147e-05 	 2.014578123465528e-08
2.455 	 2.5527343008275423e-05 	 1.9265232549661307e-08
2.483 	 2.5082891275822465e-05 	 1.8432234677899173e-08
2.512 	 2.465045501664664e-05 	 1.7616049792499755e-08
2.541 	 2.4218063575436183e-05 	 1.684605234539196e-08
2.57 	 2.380702208299187e-05 	 1.6116538011346165e-08
2.6 	 2.3386692132320525e-05 	 1.5403700090896208e-08
2.63 	 2.297697300357412e-05 	 1.4729968624013965e-08
2.661 	 2.2569017907116857e-05 	 1.4071616879575384e-08
2.692 	 2.2162413752226374e-05 	 1.3448429127187136e-08
2.723 	 2.1774719510213923e-05 	 1.2861818902692435e-08
2.754 	 2.1388085812318964e-05 	 1.230575230827758e-08
2.786 	 2.1003662403335442e-05 	 1.1762596529964827e-08
2.818 	 2.0629093338557957e-05 	 1.1249166440827685e-08
2.851 	 2.0256458025393882e-05 	 1.0749305273721199e-08
2.884 	 1.989387927184243e-05 	 1.027615588372465e-08
2.917 	 1.954056788788503e-05 	 9.828828079404961e-09
2.951 	 1.9181355199234952e-05 	 9.39351588471681e-09
2.985 	 1.8847314500031338e-05 	 8.981639431058326e-09
3.02 	 1.850055400081543e-05 	 8.580557641634229e-09
3.055 	 1.816963628622322e-05 	 8.202400554027133e-09
3.09 	 1.7847718978784404e-05 	 7.844318043003291e-09
3.126 	 1.752777147778191e-05 	 7.496568564039172e-09
3.162 	 1.7208598964305063e-05 	 7.1683541533949565e-09
3.199 	 1.6899596251846286e-05 	 6.8489769142660415e-09
3.236 	 1.6597910689856324e-05 	 6.54770031595901e-09
3.273 	 1.6298135689547667e-05 	 6.26232668066756e-09
3.311 	 1.600615186888035e-05 	 5.986041076644129e-09
3.35 	 1.5712083679878698e-05 	 5.717170199047401e-09
3.388 	 1.542371394995177e-05 	 5.4700107199260295e-09
3.428 	 1.5139730842321173e-05 	 5.223953272930382e-09
3.467 	 1.4867469433505436e-05 	 4.997369988417511e-09
3.508 	 1.4593807641229992e-05 	 4.772067430352227e-09
3.548 	 1.4331357380825236e-05 	 4.5644907495111764e-09
3.589 	 1.4071003739046556e-05 	 4.3635127448598356e-09
3.631 	 1.3814194679627977e-05 	 4.168642136176376e-09
3.673 	 1.3564061614278154e-05 	 3.984552939009298e-09
3.715 	 1.332037171838819e-05 	 3.810535701356936e-09
3.758 	 1.3078745676743453e-05 	 3.6422751170637476e-09
3.802 	 1.2840625466723592e-05 	 3.479348804413894e-09
3.846 	 1.2608019010042903e-05 	 3.3256457559927733e-09
3.89 	 1.238070708907809e-05 	 3.1805384308843314e-09
3.936 	 1.2153664440560808e-05 	 3.0369199122643988e-09
3.981 	 1.193486949164469e-05 	 2.9044137683505534e-09
4.027 	 1.171802866685673e-05 	 2.7764649576918446e-09
4.074 	 1.1504575829723377e-05 	 2.652745102903497e-09
4.121 	 1.1295941544639565e-05 	 2.535990988479204e-09
4.169 	 1.1089960369906357e-05 	 2.4232748493683015e-09
4.217 	 1.0889267127061999e-05 	 2.316763044570737e-09
4.266 	 1.0687488470653325e-05 	 2.2139413610597257e-09
4.315 	 1.0493874326675785e-05 	 2.116908905690005e-09
4.365 	 1.0303488341652262e-05 	 2.0231850367086605e-09
4.416 	 1.0111572652692915e-05 	 1.932917975523732e-09
4.467 	 9.928006900026691e-06 	 1.8476629458804324e-09
4.519 	 9.743694101739753e-06 	 1.7654759087775416e-09
4.571 	 9.56736212642452e-06 	 1.6878386526584774e-09
4.624 	 9.393477257795519e-06 	 1.6130329461525746e-09
4.677 	 9.221002996700964e-06 	 1.5423106615677902e-09
4.732 	 9.051428335169781e-06 	 1.4730236369970412e-09
4.786 	 8.885864453518134e-06 	 1.4086825512572148e-09
4.842 	 8.723097173942213e-06 	 1.3456751778628795e-09
4.898 	 8.564514003769302e-06 	 1.2861566007656384e-09
4.955 	 8.40624867521704e-06 	 1.2288333743706448e-09
5.012 	 8.253416015259134e-06 	 1.1747910013521673e-09
5.07 	 8.09964524412258e-06 	 1.122836716101696e-09
5.129 	 7.945797627862677e-06 	 1.072873841135388e-09
5.188 	 7.79534902732693e-06 	 1.0257045266158294e-09
5.248 	 7.650362757033608e-06 	 9.803276028532951e-10
5.309 	 7.5047578125909024e-06 	 9.367535335804495e-10
5.37 	 7.360726631186363e-06 	 8.955632956933109e-10
5.433 	 7.217839999025794e-06 	 8.553533234265685e-10
5.495 	 7.080073280909175e-06 	 8.179719494117909e-10
5.559 	 6.945504214430251e-06 	 7.81497195530168e-10
5.623 	 6.812449828961198e-06 	 7.470244061899214e-10
5.689 	 6.680565194986941e-06 	 7.134288815913575e-10
5.754 	 6.553358064487052e-06 	 6.821764260917334e-10
5.821 	 6.428567226321053e-06 	 6.51753680224187e-10
5.888 	 6.305817911709283e-06 	 6.229789302580404e-10
5.957 	 6.184237797911608e-06 	 5.94976240145642e-10
6.026 	 6.067074492137879e-06 	 5.685578240435774e-10
6.095 	 5.951858822352093e-06 	 5.435649465742829e-10
6.166 	 5.8399506578335575e-06 	 5.19305672824884e-10
6.237 	 5.732468678484357e-06 	 4.964479722327387e-10
6.31 	 5.524238282543917e-06 	 4.738031926388843e-10
6.383 	 5.49882915603426e-06 	 4.528410253137759e-10
6.457 	 5.397997199283191e-06 	 4.327446825015423e-10
6.531 	 5.295348549140466e-06 	 4.13735246981124e-10
6.607 	 5.19290128258014e-06 	 3.9526248726362146e-10
6.683 	 5.095065259966581e-06 	 3.7780353111234956e-10
6.761 	 4.9959431965593936e-06 	 3.608877118858775e-10
6.839 	 4.8999671064942145e-06 	 3.448985453120276e-10
6.918 	 4.805834074637179e-06 	 3.2959492368151336e-10
6.998 	 4.713027120965885e-06 	 3.1495991303579475e-10
7.079 	 4.622024991220424e-06 	 3.009584568186491e-10
7.161 	 4.5328019697266635e-06 	 2.8756608497030277e-10
7.244 	 4.44533198111661e-06 	 2.7475895654655197e-10
7.328 	 4.3591205273810114e-06 	 2.6252079411488264e-10
7.413 	 4.275083348611105e-06 	 2.508148134734551e-10
7.499 	 4.192263304952206e-06 	 2.3963261520287374e-10
7.586 	 4.1131456045444706e-06 	 2.289519561942381e-10
7.674 	 4.034556352601075e-06 	 2.187432360713632e-10
7.762 	 3.958559322401964e-06 	 2.091051791623687e-10
7.852 	 3.882218090448901e-06 	 1.9980302909271248e-10
7.943 	 3.8069404655932975e-06 	 1.9092082872529076e-10
8.035 	 3.7326804127568095e-06 	 1.8242940751174535e-10
8.128 	 3.658631977452423e-06 	 1.7432086048771973e-10
8.222 	 3.5840183659033767e-06 	 1.6657631483678399e-10
8.318 	 3.510595348774514e-06 	 1.5910385145746102e-10
8.414 	 3.4395927033751703e-06 	 1.520423403165567e-10
8.511 	 3.3697307697701607e-06 	 1.4530296552442644e-10
8.61 	 3.301396340140375e-06 	 1.3880084488919879e-10
8.71 	 3.233450329680235e-06 	 1.3259852793193696e-10
8.81 	 3.1673872923767908e-06 	 1.2673870833758202e-10
8.913 	 3.103155176836442e-06 	 1.2103489556866104e-10
9.016 	 3.039655711440354e-06 	 1.1564920936620369e-10
9.12 	 2.977583133377925e-06 	 1.1051121142171204e-10
9.226 	 2.916234452529918e-06 	 1.0556571747985562e-10
9.333 	 2.8566315138359065e-06 	 1.0084862602172519e-10
9.441 	 2.7983815125392047e-06 	 9.635119700466821e-11
9.55 	 2.7420300985459444e-06 	 9.206413355901617e-11
9.661 	 2.68632722250646e-06 	 8.794150756811902e-11
9.772 	 2.6321529533064793e-06 	 8.40470316727072e-11
9.886 	 2.57919907693059e-06 	 8.026911134381296e-11
10.0 	 2.5271732332916562e-06 	 7.670020914470377e-11
10.12 	 2.4754733449530786e-06 	 7.315767841344954e-11
10.23 	 2.4270845546553647e-06 	 7.008991804064747e-11
10.35 	 2.3771824643669853e-06 	 6.692119919181759e-11
10.47 	 2.3288226323418028e-06 	 6.393116944596175e-11
10.59 	 2.2817794673517885e-06 	 6.110622236250375e-11
10.72 	 2.2332045676686667e-06 	 5.821803459818645e-11
10.84 	 2.18817541868217e-06 	 5.57049228647863e-11
10.96 	 2.1447507416357102e-06 	 5.332644353392675e-11
11.09 	 2.100173780508269e-06 	 5.088898116917001e-11
11.22 	 2.0565671117897385e-06 	 4.858981976917745e-11
11.35 	 2.0145333711911923e-06 	 4.641946990085534e-11
11.48 	 1.9730213175027595e-06 	 4.436902292431884e-11
11.61 	 1.9329863589579517e-06 	 4.2430916231160024e-11
11.75 	 1.8924099322043627e-06 	 4.0459393094164535e-11
11.89 	 1.8530478134535478e-06 	 3.860188632016795e-11
12.02 	 1.8163511234714426e-06 	 3.697332188576776e-11
12.16 	 1.7788906958394226e-06 	 3.531368806879629e-11
12.3 	 1.7427942588199846e-06 	 3.3747147418129364e-11
12.45 	 1.705339705698245e-06 	 3.2164383001111885e-11
12.59 	 1.6684947744556881e-06 	 3.0771289894577455e-11
12.74 	 1.6313207238814228e-06 	 2.9359710311383556e-11
12.88 	 1.5959272354528402e-06 	 2.8114652944186387e-11
13.03 	 1.560309596588085e-06 	 2.6852196448386538e-11
13.18 	 1.5252594939616898e-06 	 2.5659732497368385e-11
13.34 	 1.4901002567859731e-06 	 2.445915903520411e-11
13.49 	 1.4566417147153474e-06 	 2.3397160457813204e-11
13.65 	 1.423301255595522e-06 	 2.232633219122248e-11
13.8 	 1.3917616977715856e-06 	 2.1378044886485446e-11
13.96 	 1.3599410487167448e-06 	 2.0420686867499545e-11
14.13 	 1.3283141831797111e-06 	 1.946123985304043e-11
14.29 	 1.2981827322117182e-06 	 1.8609417289834203e-11
14.45 	 1.2689322578075606e-06 	 1.7803626657786824e-11
14.62 	 1.2393331851778898e-06 	 1.699432999245983e-11
14.79 	 1.2106240837121664e-06 	 1.6230709211360263e-11
14.96 	 1.1831025056852037e-06 	 1.55094564467043e-11
15.14 	 1.1557796044064362e-06 	 1.4788762173476652e-11
15.31 	 1.129864148776184e-06 	 1.4146184321791812e-11
15.49 	 1.1039706533606445e-06 	 1.3503365705454598e-11
15.67 	 1.078533915941416e-06 	 1.289678431586093e-11
15.85 	 1.0541161239685802e-06 	 1.2324037885346286e-11
16.03 	 1.0298287906684124e-06 	 1.1782830105029661e-11
16.22 	 1.005607349515558e-06 	 1.124335107338375e-11
16.41 	 9.819659578335627e-07 	 1.0734419541827769e-11
16.6 	 9.587481243935922e-07 	 1.0254040502685002e-11
16.79 	 9.359739207454619e-07 	 9.800172057934869e-12
16.98 	 9.135075793829421e-07 	 9.371129847817371e-12
17.18 	 8.910672353555471e-07 	 8.944459297045701e-12
17.38 	 8.695124690011014e-07 	 8.541881734219518e-12
17.58 	 8.484849170985878e-07 	 8.161702761273207e-12
17.78 	 8.278813299682461e-07 	 7.802384810213921e-12
17.99 	 8.072150867193623e-07 	 7.446079113689418e-12
18.2 	 7.870772653775024e-07 	 7.109878260340952e-12
18.41 	 7.674521662515095e-07 	 6.792434472517719e-12
18.62 	 7.483612773237205e-07 	 6.492621392225341e-12
18.84 	 7.293582378627756e-07 	 6.19598707463154e-12
19.05 	 7.112466013881127e-07 	 5.928627361923059e-12
19.28 	 6.92445057876577e-07 	 5.652095415622906e-12
19.5 	 6.73989466124283e-07 	 5.402652595535746e-12
19.72 	 6.554331207177236e-07 	 5.1669065636589365e-12
19.95 	 6.366255650737814e-07 	 4.9339802567851215e-12
20.18 	 6.179970451300076e-07 	 4.713723114156188e-12
20.42 	 5.995882782384672e-07 	 4.496610576762319e-12
20.65 	 5.8227359490784e-07 	 4.300154141161256e-12
20.89 	 5.648828743799103e-07 	 4.106286793331671e-12
21.13 	 5.479830128762888e-07 	 3.923161558147149e-12
21.38 	 5.315888820927964e-07 	 3.743107317998538e-12
21.63 	 5.158148973170618e-07 	 3.573243137752139e-12
21.88 	 5.004178823747764e-07 	 3.4128658042154297e-12
22.13 	 4.855323599781646e-07 	 3.2613747248114175e-12
22.39 	 4.709671055330016e-07 	 3.1125964089369323e-12
22.65 	 4.5698669374776364e-07 	 2.97220515497352e-12
22.91 	 4.435067940780159e-07 	 2.8396124068237744e-12
23.17 	 4.3055922030491396e-07 	 2.7143316631303023e-12
23.44 	 4.1793855260698586e-07 	 2.5914573474095297e-12
23.71 	 4.052068258776679e-07 	 2.4754887010211743e-12
23.99 	 3.9284243342029494e-07 	 2.3620005284374453e-12
24.27 	 3.809726187459075e-07 	 2.2549393886436856e-12
24.55 	 3.6812701462469974e-07 	 2.154030201227118e-12
24.83 	 3.5620177918497126e-07 	 2.058603746574122e-12
25.12 	 3.438876919915104e-07 	 1.9651622962355707e-12
25.41 	 3.3190182613011126e-07 	 1.8768481227552117e-12
25.7 	 3.208440628115651e-07 	 1.7933850097968176e-12
26.0 	 3.0967744002203374e-07 	 1.711869182111388e-12
26.3 	 2.9937602254693224e-07 	 1.6348884051530008e-12
26.61 	 2.889742048743824e-07 	 1.5598311577971025e-12
26.92 	 2.790116716666978e-07 	 1.4890152174979217e-12
27.23 	 2.694576306168076e-07 	 1.4221532213952184e-12
27.54 	 2.603134302617252e-07 	 1.3589934997835893e-12
27.86 	 2.5148653759773857e-07 	 1.2974369778638108e-12
28.18 	 2.430268422848337e-07 	 1.239315712446176e-12
28.51 	 2.3483443852675361e-07 	 1.182742376277342e-12
28.84 	 2.2698229084707197e-07 	 1.1293520571748794e-12
29.17 	 2.1944643320475322e-07 	 1.0789302312788975e-12
29.51 	 2.121473773987006e-07 	 1.0298875103282061e-12
29.85 	 2.0515510917577528e-07 	 9.83596538014504e-13
30.2 	 1.9814056742631443e-07 	 9.386337783362468e-13
30.55 	 1.91654239051275e-07 	 8.962008842925695e-13
30.9 	 1.8519800465641036e-07 	 8.561360527803874e-13
31.26 	 1.7915900480696875e-07 	 8.172288076931701e-13
31.62 	 1.7315641062738632e-07 	 7.805065928855635e-13
31.99 	 1.6753728432305897e-07 	 7.448838285616223e-13
32.36 	 1.6195404289445858e-07 	 7.11270609469273e-13
32.73 	 1.56775739389626e-07 	 6.795268550759925e-13
33.11 	 1.5175418514399156e-07 	 6.487485515801172e-13
33.5 	 1.4672108979192566e-07 	 6.189543263515332e-13
33.88 	 1.4208311553350038e-07 	 5.915438541279577e-13
34.28 	 1.375559970150762e-07 	 5.643171138961605e-13
34.67 	 1.3319550862248045e-07 	 5.392503479768195e-13
35.08 	 1.289400527011562e-07 	 5.143873964570189e-13
35.48 	 1.250223203106857e-07 	 4.914941890811558e-13
35.89 	 1.211027901461267e-07 	 4.693408933380473e-13
36.31 	 1.1727107386249608e-07 	 4.479232969013455e-13
36.73 	 1.1370551970573566e-07 	 4.2771318966691364e-13
37.15 	 1.1017322022760573e-07 	 4.086334058319209e-13
37.58 	 1.068177603856971e-07 	 3.901848716687116e-13
38.02 	 1.0346879475424045e-07 	 3.723767536712901e-13
38.46 	 1.003107057242067e-07 	 3.555686263140014e-13
38.9 	 9.718674436467915e-08 	 3.3970096113158993e-13
39.36 	 9.42218919482986e-08 	 3.240489282152856e-13
39.81 	 9.136131736825447e-08 	 3.095967339624698e-13
40.27 	 8.858741305999282e-08 	 2.9564854052501204e-13
40.74 	 8.579423517840675e-08 	 2.821992436017946e-13
41.21 	 8.318051963689807e-08 	 2.6950595679307585e-13
41.69 	 8.058129015562227e-08 	 2.5727334283396127e-13
42.17 	 7.80252572771375e-08 	 2.457234966112234e-13
42.66 	 7.558206513270003e-08 	 2.3459250983194514e-13
43.15 	 7.323185221610444e-08 	 2.240856417150942e-13
43.65 	 7.095157159281066e-08 	 2.1396098181173449e-13
44.16 	 6.873920856772868e-08 	 2.0421756374183558e-13
44.67 	 6.66084669438785e-08 	 1.950233272728597e-13
45.19 	 6.457947350091835e-08 	 1.861726136305791e-13
45.71 	 6.263623598277199e-08 	 1.7781727721220982e-13
46.24 	 6.079843256957786e-08 	 1.6977689294404097e-13
46.77 	 5.898924480424782e-08 	 1.621856469165565e-13
47.32 	 5.722078342350407e-08 	 1.5475133114220442e-13
47.86 	 5.5584384535046586e-08 	 1.4786119375757023e-13
48.42 	 5.394288765938908e-08 	 1.4111680856157948e-13
48.98 	 5.2321106417287535e-08 	 1.3475258010092585e-13
49.55 	 5.076660302144173e-08 	 1.2863821729369504e-13
50.12 	 4.930266308128617e-08 	 1.2286740418060005e-13
50.7 	 4.803861013278611e-08 	 1.1732409690288957e-13
51.29 	 4.6788097380730255e-08 	 1.1200193461200635e-13
51.88 	 4.560581194368004e-08 	 1.0697846408713249e-13
52.48 	 4.4503237749491364e-08 	 1.0215620283002488e-13
53.09 	 4.338621987039513e-08 	 9.752895905160774e-14
53.7 	 4.233026607351035e-08 	 9.316090483388693e-14
54.33 	 4.127577369174299e-08 	 8.890382270130796e-14
54.95 	 4.028631810230009e-08 	 8.494902959807357e-14
55.59 	 3.92909769301173e-08 	 8.1094480084773e-14
56.23 	 3.834800231641389e-08 	 7.745612641146675e-14
56.89 	 3.744107718298766e-08 	 7.391551483148273e-14
57.54 	 3.658765393943166e-08 	 7.062395763669583e-14
58.21 	 3.5732160800764345e-08 	 6.742093399253873e-14
58.88 	 3.4920706226546517e-08 	 6.439739300157317e-14
59.57 	 3.413908883687463e-08 	 6.145877383134201e-14
60.26 	 3.335694825865206e-08 	 5.868616226212016e-14
60.95 	 3.2594156369795914e-08 	 5.6067965920142905e-14
61.66 	 3.1859161376535575e-08 	 5.3524569889397075e-14
62.37 	 3.1153196549736715e-08 	 5.1123878388925235e-14
63.1 	 3.0472795309957025e-08 	 4.879426111032311e-14
63.83 	 2.980592349866589e-08 	 4.6595656422326345e-14
64.57 	 2.9160755224796906e-08 	 4.449199249373219e-14
65.31 	 2.8546528352358846e-08 	 4.250559147125379e-14
66.07 	 2.7943953040138877e-08 	 4.0579855848466065e-14
66.83 	 2.7370778238466277e-08 	 3.876182155090537e-14
67.61 	 2.679811789161215e-08 	 3.700049177195435e-14
68.39 	 2.6230208705700465e-08 	 3.5338068627948513e-14
69.18 	 2.568191302568343e-08 	 3.3748463477537284e-14
69.98 	 2.517126689805888e-08 	 3.222883492179894e-14
70.79 	 2.4644824211112265e-08 	 3.077623045521924e-14
71.61 	 2.4154711509980105e-08 	 2.938813307639945e-14
72.44 	 2.368310966165921e-08 	 2.806178692716569e-14
73.28 	 2.321067462513729e-08 	 2.6794887811336593e-14
74.13 	 2.2755693584590876e-08 	 2.5584640239417197e-14
74.99 	 2.2317216336302686e-08 	 2.4428997487818073e-14
75.86 	 2.187742556984523e-08 	 2.3325448574455452e-14
76.74 	 2.1454737235704607e-08 	 2.2271967437092024e-14
77.62 	 2.1047775737468897e-08 	 2.1277084946473345e-14
78.52 	 2.0666967129337092e-08 	 2.0316292481981474e-14
79.43 	 2.0283263290485272e-08 	 1.9399317830247027e-14
80.35 	 1.9929031942685062e-08 	 1.8524216276417298e-14
81.28 	 1.960365132342162e-08 	 1.7689134744205344e-14
82.22 	 1.928733502463096e-08 	 1.6892235252083474e-14
83.18 	 1.8983988507994414e-08 	 1.6124202750360078e-14
84.14 	 1.871467591643713e-08 	 1.5399318483410144e-14
85.11 	 1.8453308175391134e-08 	 1.4707674630089976e-14
86.1 	 1.822144989489925e-08 	 1.4041353246476591e-14
87.1 	 1.803747977659344e-08 	 1.3406138563012358e-14
88.1 	 1.785733435850769e-08 	 1.2806445990280593e-14
89.13 	 1.7675646534301602e-08 	 1.2223450050364598e-14
90.16 	 1.7514722376117902e-08 	 1.167324417725798e-14
91.2 	 1.7357603109875276e-08 	 1.1148767686206792e-14
92.26 	 1.719699389702546e-08 	 1.0644144069370489e-14
93.33 	 1.705030647646474e-08 	 1.0163335412111525e-14
94.41 	 1.6917480599407828e-08 	 9.705198685819913e-15
95.5 	 1.6782919845924882e-08 	 9.268663918613528e-15
96.61 	 1.665344360592586e-08 	 8.848964725966035e-15
97.72 	 1.6538994652394393e-08 	 8.45269209159752e-15
98.86 	 1.644199848535556e-08 	 8.068531975077847e-15
100.0 	 1.6348224580352443e-08 	 7.705823282940899e-15
101.2 	 1.6291310352424882e-08 	 7.345715501712713e-15
102.3 	 1.6304730356203023e-08 	 7.033752160894975e-15
103.5 	 1.6340640421382207e-08 	 6.712098071404923e-15
104.7 	 1.6427288622150863e-08 	 6.40849829247862e-15
105.9 	 1.6550083518600782e-08 	 6.121845975616593e-15
107.2 	 1.6729901611479973e-08 	 5.82917558423275e-15
108.4 	 1.6951885850386564e-08 	 5.574306762700226e-15
109.6 	 1.7257467028238424e-08 	 5.333162228895955e-15
110.9 	 1.759987041283911e-08 	 5.086515791172384e-15
112.2 	 1.7999768555030718e-08 	 4.8539578849022184e-15
113.5 	 1.8489382660221452e-08 	 4.634547047749516e-15
114.8 	 1.903424420481378e-08 	 4.427451892004817e-15
116.1 	 1.9677500227393766e-08 	 4.231821968870411e-15
117.5 	 2.038565787939944e-08 	 4.03317621665033e-15
118.9 	 2.117285217597852e-08 	 3.84610030807893e-15
120.2 	 2.206309984121055e-08 	 3.682046153739205e-15
121.6 	 2.3000831435978126e-08 	 3.5151829983058466e-15
123.0 	 2.4029626681718242e-08 	 3.3578008293105365e-15
124.5 	 2.509989795038517e-08 	 3.1990113705054567e-15
125.9 	 2.6275158636392618e-08 	 3.0594148071861955e-15
127.4 	 2.7465403841208627e-08 	 2.9183903926665143e-15
128.8 	 2.8695449782674203e-08 	 2.7943085426640232e-15
130.3 	 2.986291655026435e-08 	 2.6688182557945547e-15
131.8 	 3.099214838580996e-08 	 2.5505657617410522e-15
133.4 	 3.198819040733898e-08 	 2.4317807538758812e-15
134.9 	 3.2859398813722415e-08 	 2.3269927102402013e-15
136.5 	 3.3483996788791196e-08 	 2.2215096054858584e-15
138.0 	 3.391172874695188e-08 	 2.1283137421801506e-15
139.6 	 3.4032461236897686e-08 	 2.034280469029488e-15
141.3 	 3.385100432481362e-08 	 1.939972857760952e-15
142.9 	 3.344099594394207e-08 	 1.8562787766727193e-15
144.5 	 3.275280753567035e-08 	 1.777078434815258e-15
146.2 	 3.18087784494517e-08 	 1.697336696544873e-15
147.9 	 3.06692650311588e-08 	 1.6219608595221695e-15
149.6 	 2.9401712846450352e-08 	 1.5506017594991838e-15
151.4 	 2.7996901193958902e-08 	 1.4791238240229307e-15
153.1 	 2.6563899741309385e-08 	 1.4152847172954814e-15
154.9 	 2.5111036734780366e-08 	 1.3512556739697766e-15
156.7 	 2.3657616474985616e-08 	 1.290719476358758e-15
158.5 	 2.2245405711917433e-08 	 1.2334514203020541e-15
160.3 	 2.0887845165573105e-08 	 1.1792507307992106e-15
162.2 	 1.956365075649689e-08 	 1.1251535138434638e-15
164.1 	 1.833270171730468e-08 	 1.0740770476363284e-15
166.0 	 1.717471062008622e-08 	 1.0258198798975646e-15
167.9 	 1.6106018499666418e-08 	 9.802036759411333e-16
169.8 	 1.5094429200705744e-08 	 9.370705875865636e-16
171.8 	 1.4157972190436043e-08 	 8.941788086993554e-16
173.8 	 1.3276164411438004e-08 	 8.53690080339187e-16
175.8 	 1.247021948854491e-08 	 8.154543789421964e-16
177.8 	 1.1733544133200947e-08 	 7.793253905562147e-16
179.9 	 1.103407747314724e-08 	 7.43510500223411e-16
182.0 	 1.0395518563424407e-08 	 7.097230770757688e-16
184.1 	 9.80359651506423e-09 	 6.778275685199478e-16
186.2 	 9.254824607209645e-09 	 6.476992467533092e-16
188.4 	 8.739546331413497e-09 	 6.179119084354494e-16
190.5 	 8.274643627973452e-09 	 5.9105170761171e-16
192.8 	 7.83286979844679e-09 	 5.632918962391664e-16
195.0 	 7.426364794002562e-09 	 5.382434309095385e-16
197.2 	 7.046726372761605e-09 	 5.145722051614143e-16
199.5 	 6.691672445156964e-09 	 4.911988548904086e-16
201.8 	 6.364640407329962e-09 	 4.691386805299825e-16
204.2 	 6.055262300396333e-09 	 4.474261197368116e-16
206.5 	 5.7695154080356915e-09 	 4.2778205892879966e-16
208.9 	 5.500026261345538e-09 	 4.0842074082652113e-16
211.3 	 5.2482605552766476e-09 	 3.9014198561148494e-16
213.8 	 5.009216819004277e-09 	 3.721779047149364e-16
216.3 	 4.7843941234033656e-09 	 3.5523645746213465e-16
218.8 	 4.5771719319798766e-09 	 3.392480388390061e-16
221.3 	 4.379777317732426e-09 	 3.241485502075056e-16
223.9 	 4.194591816081605e-09 	 3.0932733714089166e-16
226.5 	 4.020710883313823e-09 	 2.9534340786990705e-16
229.1 	 3.85373622743388e-09 	 2.8214102750367155e-16
231.7 	 3.6992564631870626e-09 	 2.696682318570321e-16
234.4 	 3.5523023719281206e-09 	 2.5743722789047713e-16
237.1 	 3.4122171621079418e-09 	 2.458926038423919e-16
239.9 	 3.279625772226648e-09 	 2.3459585950251287e-16
242.7 	 3.1538277287708366e-09 	 2.239407406907582e-16
245.5 	 3.0343927569001963e-09 	 2.138839881856093e-16
248.3 	 2.9198186544292394e-09 	 2.0438530033389947e-16
251.2 	 2.8115207472788153e-09 	 1.9509745950392484e-16
254.1 	 2.7091233920797627e-09 	 1.8633119398171312e-16
257.0 	 2.611638832262821e-09 	 1.780519902411913e-16
260.0 	 2.5183510575858253e-09 	 1.6996577025681394e-16
263.0 	 2.4294472955573363e-09 	 1.6233357764652365e-16
266.1 	 2.3442795445614272e-09 	 1.5489192039870015e-16
269.2 	 2.2630340747761263e-09 	 1.4787196745884157e-16
272.3 	 2.18548843786899e-09 	 1.4124535528646986e-16
275.4 	 2.111848298219921e-09 	 1.3498578269901062e-16
278.6 	 2.0411208955920124e-09 	 1.288839172928518e-16
281.8 	 1.973494129346164e-09 	 1.2312306474268236e-16
285.1 	 1.908131783419018e-09 	 1.175155812992081e-16
288.4 	 1.8459349955560044e-09 	 1.122236978046887e-16
291.7 	 1.7866984745928517e-09 	 1.0722634176549007e-16
295.1 	 1.7290593677291633e-09 	 1.0236536435942e-16
298.5 	 1.674407536017148e-09 	 9.777664612228164e-17
302.0 	 1.6214643923563787e-09 	 9.331854619026767e-17
305.5 	 1.5707000308435887e-09 	 8.911170608528615e-17
309.0 	 1.521281184412154e-09 	 8.513929896403018e-17
312.6 	 1.4743316356591246e-09 	 8.128170905015498e-17
316.2 	 1.429471555516501e-09 	 7.764012943124565e-17
319.9 	 1.3859456229641272e-09 	 7.41075224347033e-17
323.6 	 1.34413847723541e-09 	 7.077359687186103e-17
327.3 	 1.304140371637558e-09 	 6.762504869712844e-17
331.1 	 1.2654610430390607e-09 	 6.457157956451155e-17
335.0 	 1.2272059833756207e-09 	 6.161494935098897e-17
338.8 	 1.1916056814881628e-09 	 5.889506919499405e-17
342.8 	 1.156522651855145e-09 	 5.61923516467506e-17
346.7 	 1.1232276949340566e-09 	 5.370481198960865e-17
350.8 	 1.0906644605016226e-09 	 5.123639030420445e-17
354.8 	 1.0591791819251753e-09 	 4.8963344142990233e-17
358.9 	 1.0289965582101175e-09 	 4.676283031048421e-17
363.1 	 9.997448673089872e-10 	 4.463534546641477e-17
367.3 	 9.715620569763713e-10 	 4.262749657388492e-17
371.5 	 9.441170060443125e-10 	 4.073127718513465e-17
375.8 	 9.177788084828785e-10 	 3.8897917912229336e-17
380.2 	 8.922243188833386e-10 	 3.712746665752315e-17
384.6 	 8.675812584377439e-10 	 3.5456616258299815e-17
389.0 	 8.438108609548436e-10 	 3.387871727229586e-17
393.6 	 8.202166063607258e-10 	 3.232183890655973e-17
398.1 	 7.97961824022345e-10 	 3.0884395342978485e-17
402.7 	 7.763403107316114e-10 	 2.949665811839899e-17
407.4 	 7.552820537260023e-10 	 2.815833932123449e-17
412.1 	 7.349556784686442e-10 	 2.689507469971516e-17
416.9 	 7.149516593846678e-10 	 2.567720783842956e-17
421.7 	 6.958857830365615e-10 	 2.4527507754946332e-17
426.6 	 6.773478913190483e-10 	 2.341946540183834e-17
431.5 	 6.594408690681497e-10 	 2.2373296712484076e-17
436.5 	 6.419920769984903e-10 	 2.1365311353248266e-17
441.6 	 6.250214160812508e-10 	 2.03949709419762e-17
446.7 	 6.084262689907646e-10 	 1.947909960392434e-17
451.9 	 5.924562844470603e-10 	 1.859759959156782e-17
457.1 	 5.770455248313622e-10 	 1.7765401585908282e-17
462.4 	 5.620448988039185e-10 	 1.6964550440606367e-17
467.7 	 5.475243252845231e-10 	 1.620832870579596e-17
473.2 	 5.332752056255512e-10 	 1.5467599077485978e-17
478.6 	 5.196241879868892e-10 	 1.4781050011152523e-17
484.2 	 5.062095628753269e-10 	 1.410884039728171e-17
489.8 	 4.93238460547584e-10 	 1.3474414801174995e-17
495.5 	 4.80596341853768e-10 	 1.2864862409081991e-17
501.2 	 4.683790233779251e-10 	 1.2289390464091302e-17
507.0 	 4.5646920098428825e-10 	 1.1736476371329243e-17
512.9 	 4.448674167168111e-10 	 1.120556623162848e-17
518.8 	 4.3364325890619644e-10 	 1.0704340749759614e-17
524.8 	 4.2270146698739604e-10 	 1.0223034600523613e-17
530.9 	 4.120399939699476e-10 	 9.761119576115363e-18
537.0 	 4.017232967981102e-10 	 9.32500196697487e-18
543.3 	 3.915938068921435e-10 	 8.899855024936128e-18
549.5 	 3.818636994304789e-10 	 8.504850708208587e-18
555.9 	 3.723093917830095e-10 	 8.119824553960559e-18
562.3 	 3.630626075709923e-10 	 7.756342777823514e-18
568.9 	 3.539859414869038e-10 	 7.402554707929787e-18
575.4 	 3.452628306440902e-10 	 7.073627024569307e-18
582.1 	 3.366119554683076e-10 	 6.753476429646786e-18
588.8 	 3.283250619005404e-10 	 6.451236484636664e-18
595.7 	 3.2019106089213045e-10 	 6.1574400092843665e-18
602.6 	 3.1231712887057074e-10 	 5.880179851022919e-18
609.5 	 3.046895100387556e-10 	 5.618350733955754e-18
616.6 	 2.9720518281486356e-10 	 5.363969208208537e-18
623.7 	 2.8995827894424223e-10 	 5.123823380622335e-18
631.0 	 2.828499900095953e-10 	 4.890762294840526e-18
638.3 	 2.7596271553618193e-10 	 4.670802597386329e-18
645.7 	 2.6918825874612673e-10 	 4.46030687492828e-18
653.1 	 2.62689434366379e-10 	 4.261536660037918e-18
660.7 	 2.563106647621884e-10 	 4.068785972989005e-18
668.3 	 2.500764179942302e-10 	 3.8868110385434195e-18
676.1 	 2.440207137070303e-10 	 3.710503143792028e-18
683.9 	 2.3815549907689833e-10 	 3.544079761011225e-18
691.8 	 2.323833080378291e-10 	 3.3849250624023806e-18
699.8 	 2.26809188269692e-10 	 3.2327564993758495e-18
707.9 	 2.2132414136333513e-10 	 3.087298242248076e-18
716.1 	 2.1598754254630126e-10 	 2.948282866484352e-18
724.4 	 2.1082733332763214e-10 	 2.8154492409740244e-18
732.8 	 2.0575694265336575e-10 	 2.6885450968243553e-18
741.3 	 2.0081207336989408e-10 	 2.5673252365767954e-18
749.9 	 1.9600233935181192e-10 	 2.451553110370499e-18
758.6 	 1.913115681824067e-10 	 2.3409989415539975e-18
767.4 	 1.8673655680225223e-10 	 2.2354412581698233e-18
776.2 	 1.8231072392143024e-10 	 2.135766939087128e-18
785.2 	 1.7797022154178932e-10 	 2.0395071831603903e-18
794.3 	 1.737429401790312e-10 	 1.9476288521507597e-18
803.5 	 1.6959361684636125e-10 	 1.859940428803962e-18
812.8 	 1.655787409909024e-10 	 1.776257391154055e-18
822.2 	 1.6163832202377167e-10 	 1.6964027484912493e-18
831.8 	 1.577829120251755e-10 	 1.6194271790202454e-18
841.4 	 1.540766071736548e-10 	 1.5467685388545746e-18
851.1 	 1.5043330214001334e-10 	 1.4774449017780623e-18
861.0 	 1.468689042905106e-10 	 1.410650389007853e-18
871.0 	 1.4337352855782229e-10 	 1.3469695425620415e-18
881.0 	 1.400124292126786e-10 	 1.2868419082510217e-18
891.3 	 1.367029458634936e-10 	 1.2283769271809316e-18
901.6 	 1.3347335156899573e-10 	 1.1731948883183745e-18
912.0 	 1.3035235086300632e-10 	 1.120585381648256e-18
922.6 	 1.2727829032600957e-10 	 1.0699638006631707e-18
933.3 	 1.2428091868508816e-10 	 1.0217306311300314e-18
944.1 	 1.2132335013406942e-10 	 9.75771505582285e-19
955.0 	 1.1858342874327563e-10 	 9.319771517070197e-19
966.1 	 1.1570595467487872e-10 	 8.89875273944165e-19
977.2 	 1.131040916999457e-10 	 8.501240670547103e-19
988.6 	 1.1036829851940685e-10 	 8.1158218979927205e-19
1000.0 	 1.077203135683389e-10 	 7.75199982115678e-19
